-2.50000000000000E+01 -2.50000000000000E+01  1.52400000000000E+00 -2.50000000000000E+01 -2.50000000000000E+01  0.00000000000000E+00 -2.50000000000000E+01 -2.11538460000000E+01  0.00000000000000E+00 -1 -1
-2.50000000000000E+01 -2.50000000000000E+01  0.00000000000000E+00 -2.50000000000000E+01 -2.50000000000000E+01  1.52400000000000E+00 -2.50000000000000E+01 -2.11538460000000E+01  1.52400000000000E+00 -1 -1
-2.50000000000000E+01 -2.50000000000000E+01  1.52400000000000E+00 -2.50000000000000E+01 -2.50000000000000E+01  0.00000000000000E+00 -2.11538460000000E+01 -2.50000000000000E+01  0.00000000000000E+00 -1 -1
-2.50000000000000E+01 -2.50000000000000E+01  0.00000000000000E+00 -2.50000000000000E+01 -2.50000000000000E+01  1.52400000000000E+00 -2.11538460000000E+01 -2.50000000000000E+01  1.52400000000000E+00 -1 -1
-2.50000000000000E+01  2.50000000000000E+01  1.52400000000000E+00 -2.50000000000000E+01  2.50000000000000E+01  0.00000000000000E+00 -2.50000000000000E+01  2.11538460000000E+01  0.00000000000000E+00 -1 -1
-2.50000000000000E+01  2.50000000000000E+01  0.00000000000000E+00 -2.50000000000000E+01  2.50000000000000E+01  1.52400000000000E+00 -2.50000000000000E+01  2.11538460000000E+01  1.52400000000000E+00 -1 -1
-2.50000000000000E+01  2.50000000000000E+01  1.52400000000000E+00 -2.50000000000000E+01  2.50000000000000E+01  0.00000000000000E+00 -2.11538460000000E+01  2.50000000000000E+01  0.00000000000000E+00 -1 -1
-2.50000000000000E+01  2.50000000000000E+01  0.00000000000000E+00 -2.50000000000000E+01  2.50000000000000E+01  1.52400000000000E+00 -2.11538460000000E+01  2.50000000000000E+01  1.52400000000000E+00 -1 -1
-2.50000000000000E+01 -2.50000000000000E+01  0.00000000000000E+00 -2.50000000000000E+01 -2.11538460000000E+01  0.00000000000000E+00 -2.50000000000000E+01 -1.73076920000000E+01  0.00000000000000E+00 -1 -1
-2.50000000000000E+01 -2.11538460000000E+01  0.00000000000000E+00 -2.50000000000000E+01 -2.50000000000000E+01  0.00000000000000E+00 -2.11538460000000E+01 -2.50000000000000E+01  0.00000000000000E+00 -1 -1
-2.50000000000000E+01 -2.11538460000000E+01  0.00000000000000E+00 -2.50000000000000E+01 -1.73076920000000E+01  0.00000000000000E+00 -2.50000000000000E+01 -1.34615380000000E+01  0.00000000000000E+00 -1 -1
-2.50000000000000E+01 -1.73076920000000E+01  0.00000000000000E+00 -2.50000000000000E+01 -1.34615380000000E+01  0.00000000000000E+00 -2.50000000000000E+01 -9.61538500000000E+00  0.00000000000000E+00 -1 -1
-2.50000000000000E+01 -1.34615380000000E+01  0.00000000000000E+00 -2.50000000000000E+01 -9.61538500000000E+00  0.00000000000000E+00 -2.50000000000000E+01 -5.76923100000000E+00  0.00000000000000E+00 -1 -1
-2.50000000000000E+01 -9.61538500000000E+00  0.00000000000000E+00 -2.50000000000000E+01 -5.76923100000000E+00  0.00000000000000E+00 -2.50000000000000E+01 -1.92307700000000E+00  0.00000000000000E+00 -1 -1
-2.50000000000000E+01 -5.76923100000000E+00  0.00000000000000E+00 -2.50000000000000E+01 -1.92307700000000E+00  0.00000000000000E+00 -2.50000000000000E+01  1.92307700000000E+00  0.00000000000000E+00 -1 -1
-2.50000000000000E+01 -1.92307700000000E+00  0.00000000000000E+00 -2.50000000000000E+01  1.92307700000000E+00  0.00000000000000E+00 -2.50000000000000E+01  5.76923100000000E+00  0.00000000000000E+00 -1 -1
-2.50000000000000E+01  1.92307700000000E+00  0.00000000000000E+00 -2.50000000000000E+01  5.76923100000000E+00  0.00000000000000E+00 -2.50000000000000E+01  9.61538500000000E+00  0.00000000000000E+00 -1 -1
-2.50000000000000E+01  5.76923100000000E+00  0.00000000000000E+00 -2.50000000000000E+01  9.61538500000000E+00  0.00000000000000E+00 -2.50000000000000E+01  1.34615380000000E+01  0.00000000000000E+00 -1 -1
-2.50000000000000E+01  9.61538500000000E+00  0.00000000000000E+00 -2.50000000000000E+01  1.34615380000000E+01  0.00000000000000E+00 -2.50000000000000E+01  1.73076920000000E+01  0.00000000000000E+00 -1 -1
-2.50000000000000E+01  1.34615380000000E+01  0.00000000000000E+00 -2.50000000000000E+01  1.73076920000000E+01  0.00000000000000E+00 -2.50000000000000E+01  2.11538460000000E+01  0.00000000000000E+00 -1 -1
-2.50000000000000E+01  1.73076920000000E+01  0.00000000000000E+00 -2.50000000000000E+01  2.11538460000000E+01  0.00000000000000E+00 -2.50000000000000E+01  2.50000000000000E+01  0.00000000000000E+00 -1 -1
-2.50000000000000E+01  2.11538460000000E+01  0.00000000000000E+00 -2.50000000000000E+01  2.50000000000000E+01  0.00000000000000E+00 -2.11538460000000E+01  2.50000000000000E+01  0.00000000000000E+00 -1 -1
-2.50000000000000E+01 -2.50000000000000E+01  1.52400000000000E+00 -2.50000000000000E+01 -2.11538460000000E+01  1.52400000000000E+00 -2.50000000000000E+01 -1.73076920000000E+01  1.52400000000000E+00 -1 -1
-2.50000000000000E+01 -2.11538460000000E+01  1.52400000000000E+00 -2.50000000000000E+01 -2.50000000000000E+01  1.52400000000000E+00 -2.11538460000000E+01 -2.50000000000000E+01  1.52400000000000E+00 -1 -1
-2.50000000000000E+01 -2.11538460000000E+01  1.52400000000000E+00 -2.50000000000000E+01 -1.73076920000000E+01  1.52400000000000E+00 -2.50000000000000E+01 -1.34615380000000E+01  1.52400000000000E+00 -1 -1
-2.50000000000000E+01 -1.73076920000000E+01  1.52400000000000E+00 -2.50000000000000E+01 -1.34615380000000E+01  1.52400000000000E+00 -2.50000000000000E+01 -9.61538500000000E+00  1.52400000000000E+00 -1 -1
-2.50000000000000E+01 -1.34615380000000E+01  1.52400000000000E+00 -2.50000000000000E+01 -9.61538500000000E+00  1.52400000000000E+00 -2.50000000000000E+01 -5.76923100000000E+00  1.52400000000000E+00 -1 -1
-2.50000000000000E+01 -9.61538500000000E+00  1.52400000000000E+00 -2.50000000000000E+01 -5.76923100000000E+00  1.52400000000000E+00 -2.50000000000000E+01 -1.92307700000000E+00  1.52400000000000E+00 -1 -1
-2.50000000000000E+01 -5.76923100000000E+00  1.52400000000000E+00 -2.50000000000000E+01 -1.92307700000000E+00  1.52400000000000E+00 -2.50000000000000E+01  1.92307700000000E+00  1.52400000000000E+00 -1 -1
-2.50000000000000E+01 -1.92307700000000E+00  1.52400000000000E+00 -2.50000000000000E+01  1.92307700000000E+00  1.52400000000000E+00 -2.50000000000000E+01  5.76923100000000E+00  1.52400000000000E+00 -1 -1
-2.50000000000000E+01  1.92307700000000E+00  1.52400000000000E+00 -2.50000000000000E+01  5.76923100000000E+00  1.52400000000000E+00 -2.50000000000000E+01  9.61538500000000E+00  1.52400000000000E+00 -1 -1
-2.50000000000000E+01  5.76923100000000E+00  1.52400000000000E+00 -2.50000000000000E+01  9.61538500000000E+00  1.52400000000000E+00 -2.50000000000000E+01  1.34615380000000E+01  1.52400000000000E+00 -1 -1
-2.50000000000000E+01  9.61538500000000E+00  1.52400000000000E+00 -2.50000000000000E+01  1.34615380000000E+01  1.52400000000000E+00 -2.50000000000000E+01  1.73076920000000E+01  1.52400000000000E+00 -1 -1
-2.50000000000000E+01  1.34615380000000E+01  1.52400000000000E+00 -2.50000000000000E+01  1.73076920000000E+01  1.52400000000000E+00 -2.50000000000000E+01  2.11538460000000E+01  1.52400000000000E+00 -1 -1
-2.50000000000000E+01  1.73076920000000E+01  1.52400000000000E+00 -2.50000000000000E+01  2.11538460000000E+01  1.52400000000000E+00 -2.50000000000000E+01  2.50000000000000E+01  1.52400000000000E+00 -1 -1
-2.50000000000000E+01  2.11538460000000E+01  1.52400000000000E+00 -2.50000000000000E+01  2.50000000000000E+01  1.52400000000000E+00 -2.11538460000000E+01  2.50000000000000E+01  1.52400000000000E+00 -1 -1
 2.50000000000000E+01 -2.50000000000000E+01  1.52400000000000E+00  2.50000000000000E+01 -2.50000000000000E+01  0.00000000000000E+00  2.11538460000000E+01 -2.50000000000000E+01  0.00000000000000E+00 -1 -1
 2.50000000000000E+01 -2.50000000000000E+01  0.00000000000000E+00  2.50000000000000E+01 -2.50000000000000E+01  1.52400000000000E+00  2.11538460000000E+01 -2.50000000000000E+01  1.52400000000000E+00 -1 -1
 2.50000000000000E+01 -2.50000000000000E+01  1.52400000000000E+00  2.50000000000000E+01 -2.50000000000000E+01  0.00000000000000E+00  2.50000000000000E+01 -2.15161120000000E+01  0.00000000000000E+00 -1 -1
 2.50000000000000E+01 -2.50000000000000E+01  0.00000000000000E+00  2.50000000000000E+01 -2.50000000000000E+01  1.52400000000000E+00  2.50000000000000E+01 -2.15161120000000E+01  1.52400000000000E+00 -1 -1
 2.50000000000000E+01 -2.50000000000000E+01  0.00000000000000E+00  2.11538460000000E+01 -2.50000000000000E+01  0.00000000000000E+00  1.73076920000000E+01 -2.50000000000000E+01  0.00000000000000E+00 -1 -1
 2.11538460000000E+01 -2.50000000000000E+01  0.00000000000000E+00  2.50000000000000E+01 -2.50000000000000E+01  0.00000000000000E+00  2.50000000000000E+01 -2.15161120000000E+01  0.00000000000000E+00 -1 -1
 2.11538460000000E+01 -2.50000000000000E+01  0.00000000000000E+00  1.73076920000000E+01 -2.50000000000000E+01  0.00000000000000E+00  1.34615380000000E+01 -2.50000000000000E+01  0.00000000000000E+00 -1 -1
 1.73076920000000E+01 -2.50000000000000E+01  0.00000000000000E+00  1.34615380000000E+01 -2.50000000000000E+01  0.00000000000000E+00  9.61538500000000E+00 -2.50000000000000E+01  0.00000000000000E+00 -1 -1
 1.34615380000000E+01 -2.50000000000000E+01  0.00000000000000E+00  9.61538500000000E+00 -2.50000000000000E+01  0.00000000000000E+00  5.76923100000000E+00 -2.50000000000000E+01  0.00000000000000E+00 -1 -1
 9.61538500000000E+00 -2.50000000000000E+01  0.00000000000000E+00  5.76923100000000E+00 -2.50000000000000E+01  0.00000000000000E+00  1.92307700000000E+00 -2.50000000000000E+01  0.00000000000000E+00 -1 -1
 5.76923100000000E+00 -2.50000000000000E+01  0.00000000000000E+00  1.92307700000000E+00 -2.50000000000000E+01  0.00000000000000E+00 -1.92307700000000E+00 -2.50000000000000E+01  0.00000000000000E+00 -1 -1
 1.92307700000000E+00 -2.50000000000000E+01  0.00000000000000E+00 -1.92307700000000E+00 -2.50000000000000E+01  0.00000000000000E+00 -5.76923100000000E+00 -2.50000000000000E+01  0.00000000000000E+00 -1 -1
-1.92307700000000E+00 -2.50000000000000E+01  0.00000000000000E+00 -5.76923100000000E+00 -2.50000000000000E+01  0.00000000000000E+00 -9.61538500000000E+00 -2.50000000000000E+01  0.00000000000000E+00 -1 -1
-5.76923100000000E+00 -2.50000000000000E+01  0.00000000000000E+00 -9.61538500000000E+00 -2.50000000000000E+01  0.00000000000000E+00 -1.34615380000000E+01 -2.50000000000000E+01  0.00000000000000E+00 -1 -1
-9.61538500000000E+00 -2.50000000000000E+01  0.00000000000000E+00 -1.34615380000000E+01 -2.50000000000000E+01  0.00000000000000E+00 -1.73076920000000E+01 -2.50000000000000E+01  0.00000000000000E+00 -1 -1
-1.34615380000000E+01 -2.50000000000000E+01  0.00000000000000E+00 -1.73076920000000E+01 -2.50000000000000E+01  0.00000000000000E+00 -2.11538460000000E+01 -2.50000000000000E+01  0.00000000000000E+00 -1 -1
-1.73076920000000E+01 -2.50000000000000E+01  0.00000000000000E+00 -2.11538460000000E+01 -2.50000000000000E+01  0.00000000000000E+00 -2.50000000000000E+01 -2.50000000000000E+01  0.00000000000000E+00 -1 -1
 2.50000000000000E+01 -2.50000000000000E+01  1.52400000000000E+00  2.11538460000000E+01 -2.50000000000000E+01  1.52400000000000E+00  1.73076920000000E+01 -2.50000000000000E+01  1.52400000000000E+00 -1 -1
 2.11538460000000E+01 -2.50000000000000E+01  1.52400000000000E+00  2.50000000000000E+01 -2.50000000000000E+01  1.52400000000000E+00  2.50000000000000E+01 -2.15161120000000E+01  1.52400000000000E+00 -1 -1
 2.11538460000000E+01 -2.50000000000000E+01  1.52400000000000E+00  1.73076920000000E+01 -2.50000000000000E+01  1.52400000000000E+00  1.34615380000000E+01 -2.50000000000000E+01  1.52400000000000E+00 -1 -1
 1.73076920000000E+01 -2.50000000000000E+01  1.52400000000000E+00  1.34615380000000E+01 -2.50000000000000E+01  1.52400000000000E+00  9.61538500000000E+00 -2.50000000000000E+01  1.52400000000000E+00 -1 -1
 1.34615380000000E+01 -2.50000000000000E+01  1.52400000000000E+00  9.61538500000000E+00 -2.50000000000000E+01  1.52400000000000E+00  5.76923100000000E+00 -2.50000000000000E+01  1.52400000000000E+00 -1 -1
 9.61538500000000E+00 -2.50000000000000E+01  1.52400000000000E+00  5.76923100000000E+00 -2.50000000000000E+01  1.52400000000000E+00  1.92307700000000E+00 -2.50000000000000E+01  1.52400000000000E+00 -1 -1
 5.76923100000000E+00 -2.50000000000000E+01  1.52400000000000E+00  1.92307700000000E+00 -2.50000000000000E+01  1.52400000000000E+00 -1.92307700000000E+00 -2.50000000000000E+01  1.52400000000000E+00 -1 -1
 1.92307700000000E+00 -2.50000000000000E+01  1.52400000000000E+00 -1.92307700000000E+00 -2.50000000000000E+01  1.52400000000000E+00 -5.76923100000000E+00 -2.50000000000000E+01  1.52400000000000E+00 -1 -1
-1.92307700000000E+00 -2.50000000000000E+01  1.52400000000000E+00 -5.76923100000000E+00 -2.50000000000000E+01  1.52400000000000E+00 -9.61538500000000E+00 -2.50000000000000E+01  1.52400000000000E+00 -1 -1
-5.76923100000000E+00 -2.50000000000000E+01  1.52400000000000E+00 -9.61538500000000E+00 -2.50000000000000E+01  1.52400000000000E+00 -1.34615380000000E+01 -2.50000000000000E+01  1.52400000000000E+00 -1 -1
-9.61538500000000E+00 -2.50000000000000E+01  1.52400000000000E+00 -1.34615380000000E+01 -2.50000000000000E+01  1.52400000000000E+00 -1.73076920000000E+01 -2.50000000000000E+01  1.52400000000000E+00 -1 -1
-1.34615380000000E+01 -2.50000000000000E+01  1.52400000000000E+00 -1.73076920000000E+01 -2.50000000000000E+01  1.52400000000000E+00 -2.11538460000000E+01 -2.50000000000000E+01  1.52400000000000E+00 -1 -1
-1.73076920000000E+01 -2.50000000000000E+01  1.52400000000000E+00 -2.11538460000000E+01 -2.50000000000000E+01  1.52400000000000E+00 -2.50000000000000E+01 -2.50000000000000E+01  1.52400000000000E+00 -1 -1
 2.50000000000000E+01  2.50000000000000E+01  1.52400000000000E+00  2.50000000000000E+01  2.50000000000000E+01  0.00000000000000E+00  2.11538460000000E+01  2.50000000000000E+01  0.00000000000000E+00 -1 -1
 2.50000000000000E+01  2.50000000000000E+01  0.00000000000000E+00  2.50000000000000E+01  2.50000000000000E+01  1.52400000000000E+00  2.11538460000000E+01  2.50000000000000E+01  1.52400000000000E+00 -1 -1
 2.50000000000000E+01  2.50000000000000E+01  1.52400000000000E+00  2.50000000000000E+01  2.50000000000000E+01  0.00000000000000E+00  2.50000000000000E+01  2.15161120000000E+01  0.00000000000000E+00 -1 -1
 2.50000000000000E+01  2.50000000000000E+01  0.00000000000000E+00  2.50000000000000E+01  2.50000000000000E+01  1.52400000000000E+00  2.50000000000000E+01  2.15161120000000E+01  1.52400000000000E+00 -1 -1
-2.50000000000000E+01  2.50000000000000E+01  0.00000000000000E+00 -2.11538460000000E+01  2.50000000000000E+01  0.00000000000000E+00 -1.73076920000000E+01  2.50000000000000E+01  0.00000000000000E+00 -1 -1
-2.11538460000000E+01  2.50000000000000E+01  0.00000000000000E+00 -1.73076920000000E+01  2.50000000000000E+01  0.00000000000000E+00 -1.34615380000000E+01  2.50000000000000E+01  0.00000000000000E+00 -1 -1
-1.73076920000000E+01  2.50000000000000E+01  0.00000000000000E+00 -1.34615380000000E+01  2.50000000000000E+01  0.00000000000000E+00 -9.61538500000000E+00  2.50000000000000E+01  0.00000000000000E+00 -1 -1
-1.34615380000000E+01  2.50000000000000E+01  0.00000000000000E+00 -9.61538500000000E+00  2.50000000000000E+01  0.00000000000000E+00 -5.76923100000000E+00  2.50000000000000E+01  0.00000000000000E+00 -1 -1
-9.61538500000000E+00  2.50000000000000E+01  0.00000000000000E+00 -5.76923100000000E+00  2.50000000000000E+01  0.00000000000000E+00 -1.92307700000000E+00  2.50000000000000E+01  0.00000000000000E+00 -1 -1
-5.76923100000000E+00  2.50000000000000E+01  0.00000000000000E+00 -1.92307700000000E+00  2.50000000000000E+01  0.00000000000000E+00  1.92307700000000E+00  2.50000000000000E+01  0.00000000000000E+00 -1 -1
-1.92307700000000E+00  2.50000000000000E+01  0.00000000000000E+00  1.92307700000000E+00  2.50000000000000E+01  0.00000000000000E+00  5.76923100000000E+00  2.50000000000000E+01  0.00000000000000E+00 -1 -1
 1.92307700000000E+00  2.50000000000000E+01  0.00000000000000E+00  5.76923100000000E+00  2.50000000000000E+01  0.00000000000000E+00  9.61538500000000E+00  2.50000000000000E+01  0.00000000000000E+00 -1 -1
 5.76923100000000E+00  2.50000000000000E+01  0.00000000000000E+00  9.61538500000000E+00  2.50000000000000E+01  0.00000000000000E+00  1.34615380000000E+01  2.50000000000000E+01  0.00000000000000E+00 -1 -1
 9.61538500000000E+00  2.50000000000000E+01  0.00000000000000E+00  1.34615380000000E+01  2.50000000000000E+01  0.00000000000000E+00  1.73076920000000E+01  2.50000000000000E+01  0.00000000000000E+00 -1 -1
 1.34615380000000E+01  2.50000000000000E+01  0.00000000000000E+00  1.73076920000000E+01  2.50000000000000E+01  0.00000000000000E+00  2.11538460000000E+01  2.50000000000000E+01  0.00000000000000E+00 -1 -1
 1.73076920000000E+01  2.50000000000000E+01  0.00000000000000E+00  2.11538460000000E+01  2.50000000000000E+01  0.00000000000000E+00  2.50000000000000E+01  2.50000000000000E+01  0.00000000000000E+00 -1 -1
 2.11538460000000E+01  2.50000000000000E+01  0.00000000000000E+00  2.50000000000000E+01  2.50000000000000E+01  0.00000000000000E+00  2.50000000000000E+01  2.15161120000000E+01  0.00000000000000E+00 -1 -1
-2.50000000000000E+01  2.50000000000000E+01  1.52400000000000E+00 -2.11538460000000E+01  2.50000000000000E+01  1.52400000000000E+00 -1.73076920000000E+01  2.50000000000000E+01  1.52400000000000E+00 -1 -1
-2.11538460000000E+01  2.50000000000000E+01  1.52400000000000E+00 -1.73076920000000E+01  2.50000000000000E+01  1.52400000000000E+00 -1.34615380000000E+01  2.50000000000000E+01  1.52400000000000E+00 -1 -1
-1.73076920000000E+01  2.50000000000000E+01  1.52400000000000E+00 -1.34615380000000E+01  2.50000000000000E+01  1.52400000000000E+00 -9.61538500000000E+00  2.50000000000000E+01  1.52400000000000E+00 -1 -1
-1.34615380000000E+01  2.50000000000000E+01  1.52400000000000E+00 -9.61538500000000E+00  2.50000000000000E+01  1.52400000000000E+00 -5.76923100000000E+00  2.50000000000000E+01  1.52400000000000E+00 -1 -1
-9.61538500000000E+00  2.50000000000000E+01  1.52400000000000E+00 -5.76923100000000E+00  2.50000000000000E+01  1.52400000000000E+00 -1.92307700000000E+00  2.50000000000000E+01  1.52400000000000E+00 -1 -1
-5.76923100000000E+00  2.50000000000000E+01  1.52400000000000E+00 -1.92307700000000E+00  2.50000000000000E+01  1.52400000000000E+00  1.92307700000000E+00  2.50000000000000E+01  1.52400000000000E+00 -1 -1
-1.92307700000000E+00  2.50000000000000E+01  1.52400000000000E+00  1.92307700000000E+00  2.50000000000000E+01  1.52400000000000E+00  5.76923100000000E+00  2.50000000000000E+01  1.52400000000000E+00 -1 -1
 1.92307700000000E+00  2.50000000000000E+01  1.52400000000000E+00  5.76923100000000E+00  2.50000000000000E+01  1.52400000000000E+00  9.61538500000000E+00  2.50000000000000E+01  1.52400000000000E+00 -1 -1
 5.76923100000000E+00  2.50000000000000E+01  1.52400000000000E+00  9.61538500000000E+00  2.50000000000000E+01  1.52400000000000E+00  1.34615380000000E+01  2.50000000000000E+01  1.52400000000000E+00 -1 -1
 9.61538500000000E+00  2.50000000000000E+01  1.52400000000000E+00  1.34615380000000E+01  2.50000000000000E+01  1.52400000000000E+00  1.73076920000000E+01  2.50000000000000E+01  1.52400000000000E+00 -1 -1
 1.34615380000000E+01  2.50000000000000E+01  1.52400000000000E+00  1.73076920000000E+01  2.50000000000000E+01  1.52400000000000E+00  2.11538460000000E+01  2.50000000000000E+01  1.52400000000000E+00 -1 -1
 1.73076920000000E+01  2.50000000000000E+01  1.52400000000000E+00  2.11538460000000E+01  2.50000000000000E+01  1.52400000000000E+00  2.50000000000000E+01  2.50000000000000E+01  1.52400000000000E+00 -1 -1
 2.11538460000000E+01  2.50000000000000E+01  1.52400000000000E+00  2.50000000000000E+01  2.50000000000000E+01  1.52400000000000E+00  2.50000000000000E+01  2.15161120000000E+01  1.52400000000000E+00 -1 -1
 2.50000000000000E+01  2.50000000000000E+01  0.00000000000000E+00  2.50000000000000E+01  2.15161120000000E+01  0.00000000000000E+00  2.50000000000000E+01  1.82904670000000E+01  0.00000000000000E+00 -1 -1
 2.50000000000000E+01  2.15161120000000E+01  0.00000000000000E+00  2.50000000000000E+01  1.82904670000000E+01  0.00000000000000E+00  2.50000000000000E+01  1.53039250000000E+01  0.00000000000000E+00 -1 -1
 2.50000000000000E+01  1.82904670000000E+01  0.00000000000000E+00  2.50000000000000E+01  1.53039250000000E+01  0.00000000000000E+00  2.50000000000000E+01  1.25387610000000E+01  0.00000000000000E+00 -1 -1
 2.50000000000000E+01  1.53039250000000E+01  0.00000000000000E+00  2.50000000000000E+01  1.25387610000000E+01  0.00000000000000E+00  2.50000000000000E+01  9.97856500000000E+00  0.00000000000000E+00 -1 -1
 2.50000000000000E+01  1.25387610000000E+01  0.00000000000000E+00  2.50000000000000E+01  9.97856500000000E+00  0.00000000000000E+00  2.50000000000000E+01  7.60814500000000E+00  0.00000000000000E+00 -1 -1
 2.50000000000000E+01  9.97856500000000E+00  0.00000000000000E+00  2.50000000000000E+01  7.60814500000000E+00  0.00000000000000E+00  2.50000000000000E+01  5.41343300000000E+00  0.00000000000000E+00 -1 -1
 2.50000000000000E+01  7.60814500000000E+00  0.00000000000000E+00  2.50000000000000E+01  5.41343300000000E+00  0.00000000000000E+00  2.50000000000000E+01  3.38140400000000E+00  0.00000000000000E+00 -1 -1
 2.50000000000000E+01  5.41343300000000E+00  0.00000000000000E+00  2.50000000000000E+01  3.38140400000000E+00  0.00000000000000E+00  2.50000000000000E+01  1.50000000000000E+00  0.00000000000000E+00 -1 -1
 2.50000000000000E+01  3.38140400000000E+00  0.00000000000000E+00  2.50000000000000E+01  1.50000000000000E+00  0.00000000000000E+00  2.31003660000000E+01  1.50000000000000E+00  0.00000000000000E+00 -1 -1
 2.50000000000000E+01  3.38140400000000E+00  0.00000000000000E+00  2.50000000000000E+01  1.50000000000000E+00  0.00000000000000E+00  2.50000000000000E+01  1.50000000000000E+00  1.52400000000000E+00 -1 -1
 2.50000000000000E+01  3.38140400000000E+00  0.00000000000000E+00  2.50000000000000E+01  1.50000000000000E+00  0.00000000000000E+00  2.50000000000000E+01  0.00000000000000E+00  0.00000000000000E+00 -1 -1
 2.50000000000000E+01  1.50000000000000E+00  0.00000000000000E+00  2.31003660000000E+01  1.50000000000000E+00  0.00000000000000E+00  2.10030000000000E+01  1.50000000000000E+00  0.00000000000000E+00 -1 -1
 2.31003660000000E+01  1.50000000000000E+00  0.00000000000000E+00  2.50000000000000E+01  1.50000000000000E+00  0.00000000000000E+00  2.50000000000000E+01  1.50000000000000E+00  1.52400000000000E+00 -1 -1
 2.31003660000000E+01  1.50000000000000E+00  0.00000000000000E+00  2.50000000000000E+01  1.50000000000000E+00  0.00000000000000E+00  2.50000000000000E+01  0.00000000000000E+00  0.00000000000000E+00 -1 -1
 2.31003660000000E+01  1.50000000000000E+00  0.00000000000000E+00  2.10030000000000E+01  1.50000000000000E+00  0.00000000000000E+00  1.86873210000000E+01  1.50000000000000E+00  0.00000000000000E+00 -1 -1
 2.10030000000000E+01  1.50000000000000E+00  0.00000000000000E+00  1.86873210000000E+01  1.50000000000000E+00  0.00000000000000E+00  1.61306040000000E+01  1.50000000000000E+00  0.00000000000000E+00 -1 -1
 1.86873210000000E+01  1.50000000000000E+00  0.00000000000000E+00  1.61306040000000E+01  1.50000000000000E+00  0.00000000000000E+00  1.33077590000000E+01  1.50000000000000E+00  0.00000000000000E+00 -1 -1
 1.61306040000000E+01  1.50000000000000E+00  0.00000000000000E+00  1.33077590000000E+01  1.50000000000000E+00  0.00000000000000E+00  1.01910860000000E+01  1.50000000000000E+00  0.00000000000000E+00 -1 -1
 1.33077590000000E+01  1.50000000000000E+00  0.00000000000000E+00  1.01910860000000E+01  1.50000000000000E+00  0.00000000000000E+00  6.75000000000000E+00  1.50000000000000E+00  0.00000000000000E+00 -1 -1
 1.01910860000000E+01  1.50000000000000E+00  0.00000000000000E+00  6.75000000000000E+00  1.50000000000000E+00  0.00000000000000E+00  6.75000000000000E+00  5.50000000000000E+00  0.00000000000000E+00 -1 -1
 6.75000000000000E+00  1.50000000000000E+00  0.00000000000000E+00  6.75000000000000E+00  5.50000000000000E+00  0.00000000000000E+00  1.07500000000000E+01  5.50000000000000E+00  0.00000000000000E+00 -1 -1
 6.75000000000000E+00  5.50000000000000E+00  0.00000000000000E+00  1.07500000000000E+01  5.50000000000000E+00  0.00000000000000E+00  1.47500000000000E+01  5.50000000000000E+00  0.00000000000000E+00 -1 -1
 1.07500000000000E+01  5.50000000000000E+00  0.00000000000000E+00  1.47500000000000E+01  5.50000000000000E+00  0.00000000000000E+00  1.47500000000000E+01  8.58333300000000E+00  0.00000000000000E+00 -1 -1
 1.47500000000000E+01  5.50000000000000E+00  0.00000000000000E+00  1.47500000000000E+01  8.58333300000000E+00  0.00000000000000E+00  1.47500000000000E+01  1.16666670000000E+01  0.00000000000000E+00 -1 -1
 1.47500000000000E+01  8.58333300000000E+00  0.00000000000000E+00  1.47500000000000E+01  1.16666670000000E+01  0.00000000000000E+00  1.47500000000000E+01  1.47500000000000E+01  0.00000000000000E+00 -1 -1
 1.47500000000000E+01  1.16666670000000E+01  0.00000000000000E+00  1.47500000000000E+01  1.47500000000000E+01  0.00000000000000E+00  1.10625000000000E+01  1.47500000000000E+01  0.00000000000000E+00 -1 -1
 1.47500000000000E+01  1.47500000000000E+01  0.00000000000000E+00  1.10625000000000E+01  1.47500000000000E+01  0.00000000000000E+00  7.37500000000000E+00  1.47500000000000E+01  0.00000000000000E+00 -1 -1
 1.10625000000000E+01  1.47500000000000E+01  0.00000000000000E+00  7.37500000000000E+00  1.47500000000000E+01  0.00000000000000E+00  3.68750000000000E+00  1.47500000000000E+01  0.00000000000000E+00 -1 -1
 7.37500000000000E+00  1.47500000000000E+01  0.00000000000000E+00  3.68750000000000E+00  1.47500000000000E+01  0.00000000000000E+00  0.00000000000000E+00  1.47500000000000E+01  0.00000000000000E+00 -1 -1
 3.68750000000000E+00  1.47500000000000E+01  0.00000000000000E+00  0.00000000000000E+00  1.47500000000000E+01  0.00000000000000E+00 -3.68750000000000E+00  1.47500000000000E+01  0.00000000000000E+00 -1 -1
 0.00000000000000E+00  1.47500000000000E+01  0.00000000000000E+00 -3.68750000000000E+00  1.47500000000000E+01  0.00000000000000E+00 -7.37500000000000E+00  1.47500000000000E+01  0.00000000000000E+00 -1 -1
-3.68750000000000E+00  1.47500000000000E+01  0.00000000000000E+00 -7.37500000000000E+00  1.47500000000000E+01  0.00000000000000E+00 -1.10625000000000E+01  1.47500000000000E+01  0.00000000000000E+00 -1 -1
-7.37500000000000E+00  1.47500000000000E+01  0.00000000000000E+00 -1.10625000000000E+01  1.47500000000000E+01  0.00000000000000E+00 -1.47500000000000E+01  1.47500000000000E+01  0.00000000000000E+00 -1 -1
-1.10625000000000E+01  1.47500000000000E+01  0.00000000000000E+00 -1.47500000000000E+01  1.47500000000000E+01  0.00000000000000E+00 -1.47500000000000E+01  1.10625000000000E+01  0.00000000000000E+00 -1 -1
-1.47500000000000E+01  1.47500000000000E+01  0.00000000000000E+00 -1.47500000000000E+01  1.10625000000000E+01  0.00000000000000E+00 -1.47500000000000E+01  7.37500000000000E+00  0.00000000000000E+00 -1 -1
-1.47500000000000E+01  1.10625000000000E+01  0.00000000000000E+00 -1.47500000000000E+01  7.37500000000000E+00  0.00000000000000E+00 -1.47500000000000E+01  3.68750000000000E+00  0.00000000000000E+00 -1 -1
-1.47500000000000E+01  7.37500000000000E+00  0.00000000000000E+00 -1.47500000000000E+01  3.68750000000000E+00  0.00000000000000E+00 -1.47500000000000E+01  0.00000000000000E+00  0.00000000000000E+00 -1 -1
-1.47500000000000E+01  3.68750000000000E+00  0.00000000000000E+00 -1.47500000000000E+01  0.00000000000000E+00  0.00000000000000E+00 -1.47500000000000E+01 -3.68750000000000E+00  0.00000000000000E+00 -1 -1
-1.47500000000000E+01  0.00000000000000E+00  0.00000000000000E+00 -1.47500000000000E+01 -3.68750000000000E+00  0.00000000000000E+00 -1.47500000000000E+01 -7.37500000000000E+00  0.00000000000000E+00 -1 -1
-1.47500000000000E+01 -3.68750000000000E+00  0.00000000000000E+00 -1.47500000000000E+01 -7.37500000000000E+00  0.00000000000000E+00 -1.47500000000000E+01 -1.10625000000000E+01  0.00000000000000E+00 -1 -1
-1.47500000000000E+01 -7.37500000000000E+00  0.00000000000000E+00 -1.47500000000000E+01 -1.10625000000000E+01  0.00000000000000E+00 -1.47500000000000E+01 -1.47500000000000E+01  0.00000000000000E+00 -1 -1
-1.47500000000000E+01 -1.10625000000000E+01  0.00000000000000E+00 -1.47500000000000E+01 -1.47500000000000E+01  0.00000000000000E+00 -1.10625000000000E+01 -1.47500000000000E+01  0.00000000000000E+00 -1 -1
-1.47500000000000E+01 -1.47500000000000E+01  0.00000000000000E+00 -1.10625000000000E+01 -1.47500000000000E+01  0.00000000000000E+00 -7.37500000000000E+00 -1.47500000000000E+01  0.00000000000000E+00 -1 -1
-1.10625000000000E+01 -1.47500000000000E+01  0.00000000000000E+00 -7.37500000000000E+00 -1.47500000000000E+01  0.00000000000000E+00 -3.68750000000000E+00 -1.47500000000000E+01  0.00000000000000E+00 -1 -1
-7.37500000000000E+00 -1.47500000000000E+01  0.00000000000000E+00 -3.68750000000000E+00 -1.47500000000000E+01  0.00000000000000E+00  0.00000000000000E+00 -1.47500000000000E+01  0.00000000000000E+00 -1 -1
-3.68750000000000E+00 -1.47500000000000E+01  0.00000000000000E+00  0.00000000000000E+00 -1.47500000000000E+01  0.00000000000000E+00  3.68750000000000E+00 -1.47500000000000E+01  0.00000000000000E+00 -1 -1
 0.00000000000000E+00 -1.47500000000000E+01  0.00000000000000E+00  3.68750000000000E+00 -1.47500000000000E+01  0.00000000000000E+00  7.37500000000000E+00 -1.47500000000000E+01  0.00000000000000E+00 -1 -1
 3.68750000000000E+00 -1.47500000000000E+01  0.00000000000000E+00  7.37500000000000E+00 -1.47500000000000E+01  0.00000000000000E+00  1.10625000000000E+01 -1.47500000000000E+01  0.00000000000000E+00 -1 -1
 7.37500000000000E+00 -1.47500000000000E+01  0.00000000000000E+00  1.10625000000000E+01 -1.47500000000000E+01  0.00000000000000E+00  1.47500000000000E+01 -1.47500000000000E+01  0.00000000000000E+00 -1 -1
 1.10625000000000E+01 -1.47500000000000E+01  0.00000000000000E+00  1.47500000000000E+01 -1.47500000000000E+01  0.00000000000000E+00  1.47500000000000E+01 -1.16666670000000E+01  0.00000000000000E+00 -1 -1
 1.47500000000000E+01 -1.47500000000000E+01  0.00000000000000E+00  1.47500000000000E+01 -1.16666670000000E+01  0.00000000000000E+00  1.47500000000000E+01 -8.58333300000000E+00  0.00000000000000E+00 -1 -1
 1.47500000000000E+01 -1.16666670000000E+01  0.00000000000000E+00  1.47500000000000E+01 -8.58333300000000E+00  0.00000000000000E+00  1.47500000000000E+01 -5.50000000000000E+00  0.00000000000000E+00 -1 -1
 1.47500000000000E+01 -8.58333300000000E+00  0.00000000000000E+00  1.47500000000000E+01 -5.50000000000000E+00  0.00000000000000E+00  1.07500000000000E+01 -5.50000000000000E+00  0.00000000000000E+00 -1 -1
 1.47500000000000E+01 -5.50000000000000E+00  0.00000000000000E+00  1.07500000000000E+01 -5.50000000000000E+00  0.00000000000000E+00  6.75000000000000E+00 -5.50000000000000E+00  0.00000000000000E+00 -1 -1
 1.07500000000000E+01 -5.50000000000000E+00  0.00000000000000E+00  6.75000000000000E+00 -5.50000000000000E+00  0.00000000000000E+00  6.75000000000000E+00 -1.50000000000000E+00  0.00000000000000E+00 -1 -1
 6.75000000000000E+00 -5.50000000000000E+00  0.00000000000000E+00  6.75000000000000E+00 -1.50000000000000E+00  0.00000000000000E+00  1.01910860000000E+01 -1.50000000000000E+00  0.00000000000000E+00 -1 -1
 6.75000000000000E+00 -1.50000000000000E+00  0.00000000000000E+00  1.01910860000000E+01 -1.50000000000000E+00  0.00000000000000E+00  1.33077590000000E+01 -1.50000000000000E+00  0.00000000000000E+00 -1 -1
 1.01910860000000E+01 -1.50000000000000E+00  0.00000000000000E+00  1.33077590000000E+01 -1.50000000000000E+00  0.00000000000000E+00  1.61306040000000E+01 -1.50000000000000E+00  0.00000000000000E+00 -1 -1
 1.33077590000000E+01 -1.50000000000000E+00  0.00000000000000E+00  1.61306040000000E+01 -1.50000000000000E+00  0.00000000000000E+00  1.86873210000000E+01 -1.50000000000000E+00  0.00000000000000E+00 -1 -1
 1.61306040000000E+01 -1.50000000000000E+00  0.00000000000000E+00  1.86873210000000E+01 -1.50000000000000E+00  0.00000000000000E+00  2.10030000000000E+01 -1.50000000000000E+00  0.00000000000000E+00 -1 -1
 1.86873210000000E+01 -1.50000000000000E+00  0.00000000000000E+00  2.10030000000000E+01 -1.50000000000000E+00  0.00000000000000E+00  2.31003660000000E+01 -1.50000000000000E+00  0.00000000000000E+00 -1 -1
 2.10030000000000E+01 -1.50000000000000E+00  0.00000000000000E+00  2.31003660000000E+01 -1.50000000000000E+00  0.00000000000000E+00  2.50000000000000E+01 -1.50000000000000E+00  0.00000000000000E+00 -1 -1
 2.31003660000000E+01 -1.50000000000000E+00  0.00000000000000E+00  2.50000000000000E+01 -1.50000000000000E+00  0.00000000000000E+00  2.50000000000000E+01 -3.38140400000000E+00  0.00000000000000E+00 -1 -1
 2.31003660000000E+01 -1.50000000000000E+00  0.00000000000000E+00  2.50000000000000E+01 -1.50000000000000E+00  0.00000000000000E+00  2.50000000000000E+01 -1.50000000000000E+00  1.52400000000000E+00 -1 -1
 2.31003660000000E+01 -1.50000000000000E+00  0.00000000000000E+00  2.50000000000000E+01 -1.50000000000000E+00  0.00000000000000E+00  2.50000000000000E+01  0.00000000000000E+00  0.00000000000000E+00 -1 -1
 2.50000000000000E+01 -1.50000000000000E+00  0.00000000000000E+00  2.50000000000000E+01 -3.38140400000000E+00  0.00000000000000E+00  2.50000000000000E+01 -5.41343300000000E+00  0.00000000000000E+00 -1 -1
 2.50000000000000E+01 -3.38140400000000E+00  0.00000000000000E+00  2.50000000000000E+01 -1.50000000000000E+00  0.00000000000000E+00  2.50000000000000E+01 -1.50000000000000E+00  1.52400000000000E+00 -1 -1
 2.50000000000000E+01 -3.38140400000000E+00  0.00000000000000E+00  2.50000000000000E+01 -1.50000000000000E+00  0.00000000000000E+00  2.50000000000000E+01  0.00000000000000E+00  0.00000000000000E+00 -1 -1
 2.50000000000000E+01 -3.38140400000000E+00  0.00000000000000E+00  2.50000000000000E+01 -5.41343300000000E+00  0.00000000000000E+00  2.50000000000000E+01 -7.60814500000000E+00  0.00000000000000E+00 -1 -1
 2.50000000000000E+01 -5.41343300000000E+00  0.00000000000000E+00  2.50000000000000E+01 -7.60814500000000E+00  0.00000000000000E+00  2.50000000000000E+01 -9.97856500000000E+00  0.00000000000000E+00 -1 -1
 2.50000000000000E+01 -7.60814500000000E+00  0.00000000000000E+00  2.50000000000000E+01 -9.97856500000000E+00  0.00000000000000E+00  2.50000000000000E+01 -1.25387610000000E+01  0.00000000000000E+00 -1 -1
 2.50000000000000E+01 -9.97856500000000E+00  0.00000000000000E+00  2.50000000000000E+01 -1.25387610000000E+01  0.00000000000000E+00  2.50000000000000E+01 -1.53039250000000E+01  0.00000000000000E+00 -1 -1
 2.50000000000000E+01 -1.25387610000000E+01  0.00000000000000E+00  2.50000000000000E+01 -1.53039250000000E+01  0.00000000000000E+00  2.50000000000000E+01 -1.82904670000000E+01  0.00000000000000E+00 -1 -1
 2.50000000000000E+01 -1.53039250000000E+01  0.00000000000000E+00  2.50000000000000E+01 -1.82904670000000E+01  0.00000000000000E+00  2.50000000000000E+01 -2.15161120000000E+01  0.00000000000000E+00 -1 -1
 2.50000000000000E+01 -1.82904670000000E+01  0.00000000000000E+00  2.50000000000000E+01 -2.15161120000000E+01  0.00000000000000E+00  2.50000000000000E+01 -2.50000000000000E+01  0.00000000000000E+00 -1 -1
 2.50000000000000E+01  2.50000000000000E+01  1.52400000000000E+00  2.50000000000000E+01  2.15161120000000E+01  1.52400000000000E+00  2.50000000000000E+01  1.82904670000000E+01  1.52400000000000E+00 -1 -1
 2.50000000000000E+01  2.15161120000000E+01  1.52400000000000E+00  2.50000000000000E+01  1.82904670000000E+01  1.52400000000000E+00  2.50000000000000E+01  1.53039250000000E+01  1.52400000000000E+00 -1 -1
 2.50000000000000E+01  1.82904670000000E+01  1.52400000000000E+00  2.50000000000000E+01  1.53039250000000E+01  1.52400000000000E+00  2.50000000000000E+01  1.25387610000000E+01  1.52400000000000E+00 -1 -1
 2.50000000000000E+01  1.53039250000000E+01  1.52400000000000E+00  2.50000000000000E+01  1.25387610000000E+01  1.52400000000000E+00  2.50000000000000E+01  9.97856500000000E+00  1.52400000000000E+00 -1 -1
 2.50000000000000E+01  1.25387610000000E+01  1.52400000000000E+00  2.50000000000000E+01  9.97856500000000E+00  1.52400000000000E+00  2.50000000000000E+01  7.60814500000000E+00  1.52400000000000E+00 -1 -1
 2.50000000000000E+01  9.97856500000000E+00  1.52400000000000E+00  2.50000000000000E+01  7.60814500000000E+00  1.52400000000000E+00  2.50000000000000E+01  5.41343300000000E+00  1.52400000000000E+00 -1 -1
 2.50000000000000E+01  7.60814500000000E+00  1.52400000000000E+00  2.50000000000000E+01  5.41343300000000E+00  1.52400000000000E+00  2.50000000000000E+01  3.38140400000000E+00  1.52400000000000E+00 -1 -1
 2.50000000000000E+01  5.41343300000000E+00  1.52400000000000E+00  2.50000000000000E+01  3.38140400000000E+00  1.52400000000000E+00  2.50000000000000E+01  1.50000000000000E+00  1.52400000000000E+00 -1 -1
 2.50000000000000E+01  3.38140400000000E+00  1.52400000000000E+00  2.50000000000000E+01  1.50000000000000E+00  1.52400000000000E+00  2.31750000000000E+01  1.50000000000000E+00  1.52400000000000E+00 -1 -1
 2.50000000000000E+01  3.38140400000000E+00  1.52400000000000E+00  2.50000000000000E+01  1.50000000000000E+00  1.52400000000000E+00  2.50000000000000E+01  1.50000000000000E+00  0.00000000000000E+00 -1 -1
 2.50000000000000E+01  3.38140400000000E+00  1.52400000000000E+00  2.50000000000000E+01  1.50000000000000E+00  1.52400000000000E+00  2.50000000000000E+01  0.00000000000000E+00  1.52400000000000E+00 -1 -1
 2.50000000000000E+01  1.50000000000000E+00  1.52400000000000E+00  2.31750000000000E+01  1.50000000000000E+00  1.52400000000000E+00  2.13500000000000E+01  1.50000000000000E+00  1.52400000000000E+00 -1 -1
 2.31750000000000E+01  1.50000000000000E+00  1.52400000000000E+00  2.50000000000000E+01  1.50000000000000E+00  1.52400000000000E+00  2.50000000000000E+01  1.50000000000000E+00  0.00000000000000E+00 -1 -1
 2.31750000000000E+01  1.50000000000000E+00  1.52400000000000E+00  2.50000000000000E+01  1.50000000000000E+00  1.52400000000000E+00  2.50000000000000E+01  0.00000000000000E+00  1.52400000000000E+00 -1 -1
 2.31750000000000E+01  1.50000000000000E+00  1.52400000000000E+00  2.13500000000000E+01  1.50000000000000E+00  1.52400000000000E+00  1.95250000000000E+01  1.50000000000000E+00  1.52400000000000E+00 -1 -1
 2.13500000000000E+01  1.50000000000000E+00  1.52400000000000E+00  1.95250000000000E+01  1.50000000000000E+00  1.52400000000000E+00  1.77000000000000E+01  1.50000000000000E+00  1.52400000000000E+00 -1 -1
 1.95250000000000E+01  1.50000000000000E+00  1.52400000000000E+00  1.77000000000000E+01  1.50000000000000E+00  1.52400000000000E+00  1.58750000000000E+01  1.50000000000000E+00  1.52400000000000E+00 -1 -1
 1.77000000000000E+01  1.50000000000000E+00  1.52400000000000E+00  1.58750000000000E+01  1.50000000000000E+00  1.52400000000000E+00  1.40500000000000E+01  1.50000000000000E+00  1.52400000000000E+00 -1 -1
 1.58750000000000E+01  1.50000000000000E+00  1.52400000000000E+00  1.40500000000000E+01  1.50000000000000E+00  1.52400000000000E+00  1.22250000000000E+01  1.50000000000000E+00  1.52400000000000E+00 -1 -1
 1.40500000000000E+01  1.50000000000000E+00  1.52400000000000E+00  1.22250000000000E+01  1.50000000000000E+00  1.52400000000000E+00  1.04000000000000E+01  1.50000000000000E+00  1.52400000000000E+00 -1 -1
 1.22250000000000E+01  1.50000000000000E+00  1.52400000000000E+00  1.04000000000000E+01  1.50000000000000E+00  1.52400000000000E+00  8.57500000000000E+00  1.50000000000000E+00  1.52400000000000E+00 -1 -1
 1.04000000000000E+01  1.50000000000000E+00  1.52400000000000E+00  8.57500000000000E+00  1.50000000000000E+00  1.52400000000000E+00  6.75000000000000E+00  1.50000000000000E+00  1.52400000000000E+00 -1 -1
 8.57500000000000E+00  1.50000000000000E+00  1.52400000000000E+00  6.75000000000000E+00  1.50000000000000E+00  1.52400000000000E+00  6.75000000000000E+00  3.50000000000000E+00  1.52400000000000E+00 -1 -1
 6.75000000000000E+00  1.50000000000000E+00  1.52400000000000E+00  6.75000000000000E+00  3.50000000000000E+00  1.52400000000000E+00  6.75000000000000E+00  5.50000000000000E+00  1.52400000000000E+00 -1 -1
 6.75000000000000E+00  3.50000000000000E+00  1.52400000000000E+00  6.75000000000000E+00  5.50000000000000E+00  1.52400000000000E+00  8.75000000000000E+00  5.50000000000000E+00  1.52400000000000E+00 -1 -1
 6.75000000000000E+00  5.50000000000000E+00  1.52400000000000E+00  8.75000000000000E+00  5.50000000000000E+00  1.52400000000000E+00  1.07500000000000E+01  5.50000000000000E+00  1.52400000000000E+00 -1 -1
 8.75000000000000E+00  5.50000000000000E+00  1.52400000000000E+00  1.07500000000000E+01  5.50000000000000E+00  1.52400000000000E+00  1.27500000000000E+01  5.50000000000000E+00  1.52400000000000E+00 -1 -1
 1.07500000000000E+01  5.50000000000000E+00  1.52400000000000E+00  1.27500000000000E+01  5.50000000000000E+00  1.52400000000000E+00  1.47500000000000E+01  5.50000000000000E+00  1.52400000000000E+00 -1 -1
 1.27500000000000E+01  5.50000000000000E+00  1.52400000000000E+00  1.47500000000000E+01  5.50000000000000E+00  1.52400000000000E+00  1.47500000000000E+01  7.35000000000000E+00  1.52400000000000E+00 -1 -1
 1.47500000000000E+01  5.50000000000000E+00  1.52400000000000E+00  1.47500000000000E+01  7.35000000000000E+00  1.52400000000000E+00  1.47500000000000E+01  9.20000000000000E+00  1.52400000000000E+00 -1 -1
 1.47500000000000E+01  7.35000000000000E+00  1.52400000000000E+00  1.47500000000000E+01  9.20000000000000E+00  1.52400000000000E+00  1.47500000000000E+01  1.10500000000000E+01  1.52400000000000E+00 -1 -1
 1.47500000000000E+01  9.20000000000000E+00  1.52400000000000E+00  1.47500000000000E+01  1.10500000000000E+01  1.52400000000000E+00  1.47500000000000E+01  1.29000000000000E+01  1.52400000000000E+00 -1 -1
 1.47500000000000E+01  1.10500000000000E+01  1.52400000000000E+00  1.47500000000000E+01  1.29000000000000E+01  1.52400000000000E+00  1.47500000000000E+01  1.47500000000000E+01  1.52400000000000E+00 -1 -1
 1.47500000000000E+01  1.29000000000000E+01  1.52400000000000E+00  1.47500000000000E+01  1.47500000000000E+01  1.52400000000000E+00  1.27833330000000E+01  1.47500000000000E+01  1.52400000000000E+00 -1 -1
 1.47500000000000E+01  1.47500000000000E+01  1.52400000000000E+00  1.27833330000000E+01  1.47500000000000E+01  1.52400000000000E+00  1.08166670000000E+01  1.47500000000000E+01  1.52400000000000E+00 -1 -1
 1.27833330000000E+01  1.47500000000000E+01  1.52400000000000E+00  1.08166670000000E+01  1.47500000000000E+01  1.52400000000000E+00  8.85000000000000E+00  1.47500000000000E+01  1.52400000000000E+00 -1 -1
 1.08166670000000E+01  1.47500000000000E+01  1.52400000000000E+00  8.85000000000000E+00  1.47500000000000E+01  1.52400000000000E+00  6.88333300000000E+00  1.47500000000000E+01  1.52400000000000E+00 -1 -1
 8.85000000000000E+00  1.47500000000000E+01  1.52400000000000E+00  6.88333300000000E+00  1.47500000000000E+01  1.52400000000000E+00  4.91666700000000E+00  1.47500000000000E+01  1.52400000000000E+00 -1 -1
 6.88333300000000E+00  1.47500000000000E+01  1.52400000000000E+00  4.91666700000000E+00  1.47500000000000E+01  1.52400000000000E+00  2.95000000000000E+00  1.47500000000000E+01  1.52400000000000E+00 -1 -1
 4.91666700000000E+00  1.47500000000000E+01  1.52400000000000E+00  2.95000000000000E+00  1.47500000000000E+01  1.52400000000000E+00  9.83333000000000E-01  1.47500000000000E+01  1.52400000000000E+00 -1 -1
 2.95000000000000E+00  1.47500000000000E+01  1.52400000000000E+00  9.83333000000000E-01  1.47500000000000E+01  1.52400000000000E+00 -9.83333000000000E-01  1.47500000000000E+01  1.52400000000000E+00 -1 -1
 9.83333000000000E-01  1.47500000000000E+01  1.52400000000000E+00 -9.83333000000000E-01  1.47500000000000E+01  1.52400000000000E+00 -2.95000000000000E+00  1.47500000000000E+01  1.52400000000000E+00 -1 -1
-9.83333000000000E-01  1.47500000000000E+01  1.52400000000000E+00 -2.95000000000000E+00  1.47500000000000E+01  1.52400000000000E+00 -4.91666700000000E+00  1.47500000000000E+01  1.52400000000000E+00 -1 -1
-2.95000000000000E+00  1.47500000000000E+01  1.52400000000000E+00 -4.91666700000000E+00  1.47500000000000E+01  1.52400000000000E+00 -6.88333300000000E+00  1.47500000000000E+01  1.52400000000000E+00 -1 -1
-4.91666700000000E+00  1.47500000000000E+01  1.52400000000000E+00 -6.88333300000000E+00  1.47500000000000E+01  1.52400000000000E+00 -8.85000000000000E+00  1.47500000000000E+01  1.52400000000000E+00 -1 -1
-6.88333300000000E+00  1.47500000000000E+01  1.52400000000000E+00 -8.85000000000000E+00  1.47500000000000E+01  1.52400000000000E+00 -1.08166670000000E+01  1.47500000000000E+01  1.52400000000000E+00 -1 -1
-8.85000000000000E+00  1.47500000000000E+01  1.52400000000000E+00 -1.08166670000000E+01  1.47500000000000E+01  1.52400000000000E+00 -1.27833330000000E+01  1.47500000000000E+01  1.52400000000000E+00 -1 -1
-1.08166670000000E+01  1.47500000000000E+01  1.52400000000000E+00 -1.27833330000000E+01  1.47500000000000E+01  1.52400000000000E+00 -1.47500000000000E+01  1.47500000000000E+01  1.52400000000000E+00 -1 -1
-1.27833330000000E+01  1.47500000000000E+01  1.52400000000000E+00 -1.47500000000000E+01  1.47500000000000E+01  1.52400000000000E+00 -1.47500000000000E+01  1.27833330000000E+01  1.52400000000000E+00 -1 -1
-1.47500000000000E+01  1.47500000000000E+01  1.52400000000000E+00 -1.47500000000000E+01  1.27833330000000E+01  1.52400000000000E+00 -1.47500000000000E+01  1.08166670000000E+01  1.52400000000000E+00 -1 -1
-1.47500000000000E+01  1.27833330000000E+01  1.52400000000000E+00 -1.47500000000000E+01  1.08166670000000E+01  1.52400000000000E+00 -1.47500000000000E+01  8.85000000000000E+00  1.52400000000000E+00 -1 -1
-1.47500000000000E+01  1.08166670000000E+01  1.52400000000000E+00 -1.47500000000000E+01  8.85000000000000E+00  1.52400000000000E+00 -1.47500000000000E+01  6.88333300000000E+00  1.52400000000000E+00 -1 -1
-1.47500000000000E+01  8.85000000000000E+00  1.52400000000000E+00 -1.47500000000000E+01  6.88333300000000E+00  1.52400000000000E+00 -1.47500000000000E+01  4.91666700000000E+00  1.52400000000000E+00 -1 -1
-1.47500000000000E+01  6.88333300000000E+00  1.52400000000000E+00 -1.47500000000000E+01  4.91666700000000E+00  1.52400000000000E+00 -1.47500000000000E+01  2.95000000000000E+00  1.52400000000000E+00 -1 -1
-1.47500000000000E+01  4.91666700000000E+00  1.52400000000000E+00 -1.47500000000000E+01  2.95000000000000E+00  1.52400000000000E+00 -1.47500000000000E+01  9.83333000000000E-01  1.52400000000000E+00 -1 -1
-1.47500000000000E+01  2.95000000000000E+00  1.52400000000000E+00 -1.47500000000000E+01  9.83333000000000E-01  1.52400000000000E+00 -1.47500000000000E+01 -9.83333000000000E-01  1.52400000000000E+00 -1 -1
-1.47500000000000E+01  9.83333000000000E-01  1.52400000000000E+00 -1.47500000000000E+01 -9.83333000000000E-01  1.52400000000000E+00 -1.47500000000000E+01 -2.95000000000000E+00  1.52400000000000E+00 -1 -1
-1.47500000000000E+01 -9.83333000000000E-01  1.52400000000000E+00 -1.47500000000000E+01 -2.95000000000000E+00  1.52400000000000E+00 -1.47500000000000E+01 -4.91666700000000E+00  1.52400000000000E+00 -1 -1
-1.47500000000000E+01 -2.95000000000000E+00  1.52400000000000E+00 -1.47500000000000E+01 -4.91666700000000E+00  1.52400000000000E+00 -1.47500000000000E+01 -6.88333300000000E+00  1.52400000000000E+00 -1 -1
-1.47500000000000E+01 -4.91666700000000E+00  1.52400000000000E+00 -1.47500000000000E+01 -6.88333300000000E+00  1.52400000000000E+00 -1.47500000000000E+01 -8.85000000000000E+00  1.52400000000000E+00 -1 -1
-1.47500000000000E+01 -6.88333300000000E+00  1.52400000000000E+00 -1.47500000000000E+01 -8.85000000000000E+00  1.52400000000000E+00 -1.47500000000000E+01 -1.08166670000000E+01  1.52400000000000E+00 -1 -1
-1.47500000000000E+01 -8.85000000000000E+00  1.52400000000000E+00 -1.47500000000000E+01 -1.08166670000000E+01  1.52400000000000E+00 -1.47500000000000E+01 -1.27833330000000E+01  1.52400000000000E+00 -1 -1
-1.47500000000000E+01 -1.08166670000000E+01  1.52400000000000E+00 -1.47500000000000E+01 -1.27833330000000E+01  1.52400000000000E+00 -1.47500000000000E+01 -1.47500000000000E+01  1.52400000000000E+00 -1 -1
-1.47500000000000E+01 -1.27833330000000E+01  1.52400000000000E+00 -1.47500000000000E+01 -1.47500000000000E+01  1.52400000000000E+00 -1.27833330000000E+01 -1.47500000000000E+01  1.52400000000000E+00 -1 -1
-1.47500000000000E+01 -1.47500000000000E+01  1.52400000000000E+00 -1.27833330000000E+01 -1.47500000000000E+01  1.52400000000000E+00 -1.08166670000000E+01 -1.47500000000000E+01  1.52400000000000E+00 -1 -1
-1.27833330000000E+01 -1.47500000000000E+01  1.52400000000000E+00 -1.08166670000000E+01 -1.47500000000000E+01  1.52400000000000E+00 -8.85000000000000E+00 -1.47500000000000E+01  1.52400000000000E+00 -1 -1
-1.08166670000000E+01 -1.47500000000000E+01  1.52400000000000E+00 -8.85000000000000E+00 -1.47500000000000E+01  1.52400000000000E+00 -6.88333300000000E+00 -1.47500000000000E+01  1.52400000000000E+00 -1 -1
-8.85000000000000E+00 -1.47500000000000E+01  1.52400000000000E+00 -6.88333300000000E+00 -1.47500000000000E+01  1.52400000000000E+00 -4.91666700000000E+00 -1.47500000000000E+01  1.52400000000000E+00 -1 -1
-6.88333300000000E+00 -1.47500000000000E+01  1.52400000000000E+00 -4.91666700000000E+00 -1.47500000000000E+01  1.52400000000000E+00 -2.95000000000000E+00 -1.47500000000000E+01  1.52400000000000E+00 -1 -1
-4.91666700000000E+00 -1.47500000000000E+01  1.52400000000000E+00 -2.95000000000000E+00 -1.47500000000000E+01  1.52400000000000E+00 -9.83333000000000E-01 -1.47500000000000E+01  1.52400000000000E+00 -1 -1
-2.95000000000000E+00 -1.47500000000000E+01  1.52400000000000E+00 -9.83333000000000E-01 -1.47500000000000E+01  1.52400000000000E+00  9.83333000000000E-01 -1.47500000000000E+01  1.52400000000000E+00 -1 -1
-9.83333000000000E-01 -1.47500000000000E+01  1.52400000000000E+00  9.83333000000000E-01 -1.47500000000000E+01  1.52400000000000E+00  2.95000000000000E+00 -1.47500000000000E+01  1.52400000000000E+00 -1 -1
 9.83333000000000E-01 -1.47500000000000E+01  1.52400000000000E+00  2.95000000000000E+00 -1.47500000000000E+01  1.52400000000000E+00  4.91666700000000E+00 -1.47500000000000E+01  1.52400000000000E+00 -1 -1
 2.95000000000000E+00 -1.47500000000000E+01  1.52400000000000E+00  4.91666700000000E+00 -1.47500000000000E+01  1.52400000000000E+00  6.88333300000000E+00 -1.47500000000000E+01  1.52400000000000E+00 -1 -1
 4.91666700000000E+00 -1.47500000000000E+01  1.52400000000000E+00  6.88333300000000E+00 -1.47500000000000E+01  1.52400000000000E+00  8.85000000000000E+00 -1.47500000000000E+01  1.52400000000000E+00 -1 -1
 6.88333300000000E+00 -1.47500000000000E+01  1.52400000000000E+00  8.85000000000000E+00 -1.47500000000000E+01  1.52400000000000E+00  1.08166670000000E+01 -1.47500000000000E+01  1.52400000000000E+00 -1 -1
 8.85000000000000E+00 -1.47500000000000E+01  1.52400000000000E+00  1.08166670000000E+01 -1.47500000000000E+01  1.52400000000000E+00  1.27833330000000E+01 -1.47500000000000E+01  1.52400000000000E+00 -1 -1
 1.08166670000000E+01 -1.47500000000000E+01  1.52400000000000E+00  1.27833330000000E+01 -1.47500000000000E+01  1.52400000000000E+00  1.47500000000000E+01 -1.47500000000000E+01  1.52400000000000E+00 -1 -1
 1.27833330000000E+01 -1.47500000000000E+01  1.52400000000000E+00  1.47500000000000E+01 -1.47500000000000E+01  1.52400000000000E+00  1.47500000000000E+01 -1.29000000000000E+01  1.52400000000000E+00 -1 -1
 1.47500000000000E+01 -1.47500000000000E+01  1.52400000000000E+00  1.47500000000000E+01 -1.29000000000000E+01  1.52400000000000E+00  1.47500000000000E+01 -1.10500000000000E+01  1.52400000000000E+00 -1 -1
 1.47500000000000E+01 -1.29000000000000E+01  1.52400000000000E+00  1.47500000000000E+01 -1.10500000000000E+01  1.52400000000000E+00  1.47500000000000E+01 -9.20000000000000E+00  1.52400000000000E+00 -1 -1
 1.47500000000000E+01 -1.10500000000000E+01  1.52400000000000E+00  1.47500000000000E+01 -9.20000000000000E+00  1.52400000000000E+00  1.47500000000000E+01 -7.35000000000000E+00  1.52400000000000E+00 -1 -1
 1.47500000000000E+01 -9.20000000000000E+00  1.52400000000000E+00  1.47500000000000E+01 -7.35000000000000E+00  1.52400000000000E+00  1.47500000000000E+01 -5.50000000000000E+00  1.52400000000000E+00 -1 -1
 1.47500000000000E+01 -7.35000000000000E+00  1.52400000000000E+00  1.47500000000000E+01 -5.50000000000000E+00  1.52400000000000E+00  1.27500000000000E+01 -5.50000000000000E+00  1.52400000000000E+00 -1 -1
 1.47500000000000E+01 -5.50000000000000E+00  1.52400000000000E+00  1.27500000000000E+01 -5.50000000000000E+00  1.52400000000000E+00  1.07500000000000E+01 -5.50000000000000E+00  1.52400000000000E+00 -1 -1
 1.27500000000000E+01 -5.50000000000000E+00  1.52400000000000E+00  1.07500000000000E+01 -5.50000000000000E+00  1.52400000000000E+00  8.75000000000000E+00 -5.50000000000000E+00  1.52400000000000E+00 -1 -1
 1.07500000000000E+01 -5.50000000000000E+00  1.52400000000000E+00  8.75000000000000E+00 -5.50000000000000E+00  1.52400000000000E+00  6.75000000000000E+00 -5.50000000000000E+00  1.52400000000000E+00 -1 -1
 8.75000000000000E+00 -5.50000000000000E+00  1.52400000000000E+00  6.75000000000000E+00 -5.50000000000000E+00  1.52400000000000E+00  6.75000000000000E+00 -3.50000000000000E+00  1.52400000000000E+00 -1 -1
 6.75000000000000E+00 -5.50000000000000E+00  1.52400000000000E+00  6.75000000000000E+00 -3.50000000000000E+00  1.52400000000000E+00  6.75000000000000E+00 -1.50000000000000E+00  1.52400000000000E+00 -1 -1
 6.75000000000000E+00 -3.50000000000000E+00  1.52400000000000E+00  6.75000000000000E+00 -1.50000000000000E+00  1.52400000000000E+00  8.57500000000000E+00 -1.50000000000000E+00  1.52400000000000E+00 -1 -1
 6.75000000000000E+00 -1.50000000000000E+00  1.52400000000000E+00  8.57500000000000E+00 -1.50000000000000E+00  1.52400000000000E+00  1.04000000000000E+01 -1.50000000000000E+00  1.52400000000000E+00 -1 -1
 8.57500000000000E+00 -1.50000000000000E+00  1.52400000000000E+00  1.04000000000000E+01 -1.50000000000000E+00  1.52400000000000E+00  1.22250000000000E+01 -1.50000000000000E+00  1.52400000000000E+00 -1 -1
 1.04000000000000E+01 -1.50000000000000E+00  1.52400000000000E+00  1.22250000000000E+01 -1.50000000000000E+00  1.52400000000000E+00  1.40500000000000E+01 -1.50000000000000E+00  1.52400000000000E+00 -1 -1
 1.22250000000000E+01 -1.50000000000000E+00  1.52400000000000E+00  1.40500000000000E+01 -1.50000000000000E+00  1.52400000000000E+00  1.58750000000000E+01 -1.50000000000000E+00  1.52400000000000E+00 -1 -1
 1.40500000000000E+01 -1.50000000000000E+00  1.52400000000000E+00  1.58750000000000E+01 -1.50000000000000E+00  1.52400000000000E+00  1.77000000000000E+01 -1.50000000000000E+00  1.52400000000000E+00 -1 -1
 1.58750000000000E+01 -1.50000000000000E+00  1.52400000000000E+00  1.77000000000000E+01 -1.50000000000000E+00  1.52400000000000E+00  1.95250000000000E+01 -1.50000000000000E+00  1.52400000000000E+00 -1 -1
 1.77000000000000E+01 -1.50000000000000E+00  1.52400000000000E+00  1.95250000000000E+01 -1.50000000000000E+00  1.52400000000000E+00  2.13500000000000E+01 -1.50000000000000E+00  1.52400000000000E+00 -1 -1
 1.95250000000000E+01 -1.50000000000000E+00  1.52400000000000E+00  2.13500000000000E+01 -1.50000000000000E+00  1.52400000000000E+00  2.31750000000000E+01 -1.50000000000000E+00  1.52400000000000E+00 -1 -1
 2.13500000000000E+01 -1.50000000000000E+00  1.52400000000000E+00  2.31750000000000E+01 -1.50000000000000E+00  1.52400000000000E+00  2.50000000000000E+01 -1.50000000000000E+00  1.52400000000000E+00 -1 -1
 2.31750000000000E+01 -1.50000000000000E+00  1.52400000000000E+00  2.50000000000000E+01 -1.50000000000000E+00  1.52400000000000E+00  2.50000000000000E+01 -3.38140400000000E+00  1.52400000000000E+00 -1 -1
 2.31750000000000E+01 -1.50000000000000E+00  1.52400000000000E+00  2.50000000000000E+01 -1.50000000000000E+00  1.52400000000000E+00  2.50000000000000E+01 -1.50000000000000E+00  0.00000000000000E+00 -1 -1
 2.31750000000000E+01 -1.50000000000000E+00  1.52400000000000E+00  2.50000000000000E+01 -1.50000000000000E+00  1.52400000000000E+00  2.50000000000000E+01  0.00000000000000E+00  1.52400000000000E+00 -1 -1
 2.50000000000000E+01 -1.50000000000000E+00  1.52400000000000E+00  2.50000000000000E+01 -3.38140400000000E+00  1.52400000000000E+00  2.50000000000000E+01 -5.41343300000000E+00  1.52400000000000E+00 -1 -1
 2.50000000000000E+01 -3.38140400000000E+00  1.52400000000000E+00  2.50000000000000E+01 -1.50000000000000E+00  1.52400000000000E+00  2.50000000000000E+01 -1.50000000000000E+00  0.00000000000000E+00 -1 -1
 2.50000000000000E+01 -3.38140400000000E+00  1.52400000000000E+00  2.50000000000000E+01 -1.50000000000000E+00  1.52400000000000E+00  2.50000000000000E+01  0.00000000000000E+00  1.52400000000000E+00 -1 -1
 2.50000000000000E+01 -3.38140400000000E+00  1.52400000000000E+00  2.50000000000000E+01 -5.41343300000000E+00  1.52400000000000E+00  2.50000000000000E+01 -7.60814500000000E+00  1.52400000000000E+00 -1 -1
 2.50000000000000E+01 -5.41343300000000E+00  1.52400000000000E+00  2.50000000000000E+01 -7.60814500000000E+00  1.52400000000000E+00  2.50000000000000E+01 -9.97856500000000E+00  1.52400000000000E+00 -1 -1
 2.50000000000000E+01 -7.60814500000000E+00  1.52400000000000E+00  2.50000000000000E+01 -9.97856500000000E+00  1.52400000000000E+00  2.50000000000000E+01 -1.25387610000000E+01  1.52400000000000E+00 -1 -1
 2.50000000000000E+01 -9.97856500000000E+00  1.52400000000000E+00  2.50000000000000E+01 -1.25387610000000E+01  1.52400000000000E+00  2.50000000000000E+01 -1.53039250000000E+01  1.52400000000000E+00 -1 -1
 2.50000000000000E+01 -1.25387610000000E+01  1.52400000000000E+00  2.50000000000000E+01 -1.53039250000000E+01  1.52400000000000E+00  2.50000000000000E+01 -1.82904670000000E+01  1.52400000000000E+00 -1 -1
 2.50000000000000E+01 -1.53039250000000E+01  1.52400000000000E+00  2.50000000000000E+01 -1.82904670000000E+01  1.52400000000000E+00  2.50000000000000E+01 -2.15161120000000E+01  1.52400000000000E+00 -1 -1
 2.50000000000000E+01 -1.82904670000000E+01  1.52400000000000E+00  2.50000000000000E+01 -2.15161120000000E+01  1.52400000000000E+00  2.50000000000000E+01 -2.50000000000000E+01  1.52400000000000E+00 -1 -1
 2.50000000000000E+01 -1.50000000000000E+00  1.52400000000000E+00  2.50000000000000E+01 -1.50000000000000E+00  0.00000000000000E+00  2.50000000000000E+01  0.00000000000000E+00  0.00000000000000E+00 -1 -1
 2.50000000000000E+01 -1.50000000000000E+00  0.00000000000000E+00  2.50000000000000E+01 -1.50000000000000E+00  1.52400000000000E+00  2.50000000000000E+01  0.00000000000000E+00  1.52400000000000E+00 -1 -1
 2.50000000000000E+01  1.50000000000000E+00  1.52400000000000E+00  2.50000000000000E+01  1.50000000000000E+00  0.00000000000000E+00  2.50000000000000E+01  0.00000000000000E+00  0.00000000000000E+00 -1 -1
 2.50000000000000E+01  1.50000000000000E+00  0.00000000000000E+00  2.50000000000000E+01  1.50000000000000E+00  1.52400000000000E+00  2.50000000000000E+01  0.00000000000000E+00  1.52400000000000E+00 -1 -1
 2.50000000000000E+01  1.50000000000000E+00  0.00000000000000E+00  2.50000000000000E+01  0.00000000000000E+00  0.00000000000000E+00  2.50000000000000E+01 -1.50000000000000E+00  0.00000000000000E+00 -1 -1
 2.50000000000000E+01  1.50000000000000E+00  1.52400000000000E+00  2.50000000000000E+01  0.00000000000000E+00  1.52400000000000E+00  2.50000000000000E+01 -1.50000000000000E+00  1.52400000000000E+00 -1 -1
