-2.50000000000000E+01 -2.50000000000000E+01  0.00000000000000E+00 -1

-2.50000000000000E+01 -2.50000000000000E+01  1.52400000000000E+00 -1

-2.50000000000000E+01  2.50000000000000E+01  0.00000000000000E+00 -1

-2.50000000000000E+01  2.50000000000000E+01  1.52400000000000E+00 -1

 2.50000000000000E+01 -2.50000000000000E+01  0.00000000000000E+00 -1

 2.50000000000000E+01 -2.50000000000000E+01  1.52400000000000E+00 -1

 2.50000000000000E+01  2.50000000000000E+01  0.00000000000000E+00 -1

 2.50000000000000E+01  2.50000000000000E+01  1.52400000000000E+00 -1

 2.50000000000000E+01  1.50000000000000E+00  0.00000000000000E+00 -1

 6.75000000000000E+00  1.50000000000000E+00  0.00000000000000E+00 -1

 6.75000000000000E+00  5.50000000000000E+00  0.00000000000000E+00 -1

 1.47500000000000E+01  5.50000000000000E+00  0.00000000000000E+00 -1

 1.47500000000000E+01  1.47500000000000E+01  0.00000000000000E+00 -1

-1.47500000000000E+01  1.47500000000000E+01  0.00000000000000E+00 -1

-1.47500000000000E+01 -1.47500000000000E+01  0.00000000000000E+00 -1

 1.47500000000000E+01 -1.47500000000000E+01  0.00000000000000E+00 -1

 1.47500000000000E+01 -5.50000000000000E+00  0.00000000000000E+00 -1

 6.75000000000000E+00 -5.50000000000000E+00  0.00000000000000E+00 -1

 6.75000000000000E+00 -1.50000000000000E+00  0.00000000000000E+00 -1

 2.50000000000000E+01 -1.50000000000000E+00  0.00000000000000E+00 -1

 2.50000000000000E+01  1.50000000000000E+00  1.52400000000000E+00 -1

 6.75000000000000E+00  1.50000000000000E+00  1.52400000000000E+00 -1

 6.75000000000000E+00  5.50000000000000E+00  1.52400000000000E+00 -1

 1.47500000000000E+01  5.50000000000000E+00  1.52400000000000E+00 -1

 1.47500000000000E+01  1.47500000000000E+01  1.52400000000000E+00 -1

-1.47500000000000E+01  1.47500000000000E+01  1.52400000000000E+00 -1

-1.47500000000000E+01 -1.47500000000000E+01  1.52400000000000E+00 -1

 1.47500000000000E+01 -1.47500000000000E+01  1.52400000000000E+00 -1

 1.47500000000000E+01 -5.50000000000000E+00  1.52400000000000E+00 -1

 6.75000000000000E+00 -5.50000000000000E+00  1.52400000000000E+00 -1

 6.75000000000000E+00 -1.50000000000000E+00  1.52400000000000E+00 -1

 2.50000000000000E+01 -1.50000000000000E+00  1.52400000000000E+00 -1

