 8.45700000000000E-03  1.95188000000000E-01  4.27800000000000E-02 1
 0.00000000000000E+00  2.00000000000000E-01  0.00000000000000E+00 1
-3.67050000000000E-02  1.95382000000000E-01 -2.18780000000000E-02 1

-7.11850000000000E-02 -9.74110000000000E-02 -1.59511000000000E-01 1
-1.15050000000000E-01 -5.79310000000000E-02 -1.52995000000000E-01 1
-6.54660000000000E-02 -4.22680000000000E-02 -1.84194000000000E-01 1

 1.36710000000000E-01  4.62210000000000E-02 -1.38471000000000E-01 1
 8.52740000000000E-02  1.14091000000000E-01 -1.40398000000000E-01 1
 1.39291000000000E-01  9.96840000000000E-02 -1.03253000000000E-01 1

-1.99360000000000E-02 -7.90510000000000E-02 -1.82629000000000E-01 1
-7.11850000000000E-02 -9.74110000000000E-02 -1.59511000000000E-01 1
-6.54660000000000E-02 -4.22680000000000E-02 -1.84194000000000E-01 1

-1.58524000000000E-01  9.52260000000000E-02 -7.61720000000000E-02 1
-1.36281000000000E-01  1.44684000000000E-01 -2.22310000000000E-02 1
-1.18585000000000E-01  1.37091000000000E-01 -8.45210000000000E-02 1

 3.79540000000000E-02  1.38632000000000E-01 -1.39071000000000E-01 1
 3.19740000000000E-02  1.77735000000000E-01 -8.59530000000000E-02 1
 1.00405000000000E-01  1.42034000000000E-01 -9.87170000000000E-02 1

-1.36281000000000E-01  1.44684000000000E-01 -2.22310000000000E-02 1
-1.58524000000000E-01  9.52260000000000E-02 -7.61720000000000E-02 1
-1.74108000000000E-01  9.59770000000000E-02 -2.17890000000000E-02 1

 8.00310000000000E-02  5.44030000000000E-02 -1.75030000000000E-01 1
 8.52740000000000E-02  1.14091000000000E-01 -1.40398000000000E-01 1
 1.36710000000000E-01  4.62210000000000E-02 -1.38471000000000E-01 1

 1.54686000000000E-01 -9.02720000000000E-02  8.90130000000000E-02 1
 1.86837000000000E-01 -3.96780000000000E-02  5.93100000000000E-02 1
 1.56125000000000E-01 -4.28570000000000E-02  1.17423000000000E-01 1

-1.98288000000000E-01 -2.55500000000000E-03 -2.59860000000000E-02 1
-1.89652000000000E-01  6.02830000000000E-02  1.99470000000000E-02 1
-1.87156000000000E-01  5.31400000000000E-02 -4.63560000000000E-02 1

-1.89652000000000E-01  6.02830000000000E-02  1.99470000000000E-02 1
-1.98288000000000E-01 -2.55500000000000E-03 -2.59860000000000E-02 1
-1.97181000000000E-01 -3.01000000000000E-04  3.34580000000000E-02 1

-1.58581000000000E-01  4.29880000000000E-02 -1.14035000000000E-01 1
-1.79004000000000E-01 -8.63400000000000E-03 -8.87860000000000E-02 1
-1.87156000000000E-01  5.31400000000000E-02 -4.63560000000000E-02 1

 1.86837000000000E-01 -3.96780000000000E-02  5.93100000000000E-02 1
 1.54686000000000E-01 -9.02720000000000E-02  8.90130000000000E-02 1
 1.73589000000000E-01 -9.01130000000000E-02  4.17890000000000E-02 1

 1.72016000000000E-01 -8.44790000000000E-02 -5.72180000000000E-02 1
 1.61803000000000E-01 -1.17557000000000E-01  0.00000000000000E+00 1
 1.39731000000000E-01 -1.28132000000000E-01 -6.36970000000000E-02 1

 3.19740000000000E-02  1.77735000000000E-01 -8.59530000000000E-02 1
 8.74310000000000E-02  1.71592000000000E-01 -5.39630000000000E-02 1
 1.00405000000000E-01  1.42034000000000E-01 -9.87170000000000E-02 1

-1.45433000000000E-01  6.52590000000000E-02  1.20791000000000E-01 1
-1.79569000000000E-01  3.87240000000000E-02  7.90910000000000E-02 1
-1.56267000000000E-01 -9.16000000000000E-04  1.24819000000000E-01 1

-1.11874000000000E-01  3.32940000000000E-02  1.62406000000000E-01 1
-1.45433000000000E-01  6.52590000000000E-02  1.20791000000000E-01 1
-1.56267000000000E-01 -9.16000000000000E-04  1.24819000000000E-01 1

-1.79004000000000E-01 -8.63400000000000E-03 -8.87860000000000E-02 1
-1.98288000000000E-01 -2.55500000000000E-03 -2.59860000000000E-02 1
-1.87156000000000E-01  5.31400000000000E-02 -4.63560000000000E-02 1

-3.11620000000000E-02 -5.12000000000000E-02  1.90807000000000E-01 1
 2.51610000000000E-02 -3.40590000000000E-02  1.95466000000000E-01 1
-1.73090000000000E-02  1.18530000000000E-02  1.98897000000000E-01 1

 1.72016000000000E-01 -8.44790000000000E-02 -5.72180000000000E-02 1
 1.39731000000000E-01 -1.28132000000000E-01 -6.36970000000000E-02 1
 1.36530000000000E-01 -9.66350000000000E-02 -1.09641000000000E-01 1

-1.58524000000000E-01  9.52260000000000E-02 -7.61720000000000E-02 1
-1.58581000000000E-01  4.29880000000000E-02 -1.14035000000000E-01 1
-1.87156000000000E-01  5.31400000000000E-02 -4.63560000000000E-02 1

-3.11620000000000E-02 -5.12000000000000E-02  1.90807000000000E-01 1
-7.32370000000000E-02 -6.58900000000000E-03  1.85992000000000E-01 1
-8.61940000000000E-02 -6.16960000000000E-02  1.69600000000000E-01 1

-6.54660000000000E-02 -4.22680000000000E-02 -1.84194000000000E-01 1
-5.72170000000000E-02  2.16430000000000E-02 -1.90415000000000E-01 1
-1.14140000000000E-02 -2.44600000000000E-02 -1.98170000000000E-01 1

-7.32370000000000E-02 -6.58900000000000E-03  1.85992000000000E-01 1
-3.11620000000000E-02 -5.12000000000000E-02  1.90807000000000E-01 1
-1.73090000000000E-02  1.18530000000000E-02  1.98897000000000E-01 1

 1.61803000000000E-01 -1.17557000000000E-01  0.00000000000000E+00 1
 1.17557000000000E-01 -1.61803000000000E-01  0.00000000000000E+00 1
 1.39731000000000E-01 -1.28132000000000E-01 -6.36970000000000E-02 1

 1.06519000000000E-01 -1.16300000000000E-03 -1.69270000000000E-01 1
 4.55750000000000E-02  1.24500000000000E-03 -1.94734000000000E-01 1
 8.00310000000000E-02  5.44030000000000E-02 -1.75030000000000E-01 1

 1.17557000000000E-01 -1.61803000000000E-01  0.00000000000000E+00 1
 8.68360000000000E-02 -1.68718000000000E-01 -6.31940000000000E-02 1
 1.39731000000000E-01 -1.28132000000000E-01 -6.36970000000000E-02 1

 6.18030000000000E-02  1.90211000000000E-01  0.00000000000000E+00 1
 8.74310000000000E-02  1.71592000000000E-01 -5.39630000000000E-02 1
 1.79540000000000E-02  1.95054000000000E-01 -4.03920000000000E-02 1

 8.52740000000000E-02  1.14091000000000E-01 -1.40398000000000E-01 1
 3.79540000000000E-02  1.38632000000000E-01 -1.39071000000000E-01 1
 1.00405000000000E-01  1.42034000000000E-01 -9.87170000000000E-02 1

-8.61940000000000E-02 -6.16960000000000E-02  1.69600000000000E-01 1
-7.32370000000000E-02 -6.58900000000000E-03  1.85992000000000E-01 1
-1.16207000000000E-01 -1.99450000000000E-02  1.61549000000000E-01 1

-1.14140000000000E-02 -2.44600000000000E-02 -1.98170000000000E-01 1
-5.72170000000000E-02  2.16430000000000E-02 -1.90415000000000E-01 1
-5.37000000000000E-04  2.46250000000000E-02 -1.98478000000000E-01 1

 8.74310000000000E-02  1.71592000000000E-01  5.39630000000000E-02 1
 2.96450000000000E-02  1.74986000000000E-01  9.22020000000000E-02 1
 9.93200000000000E-02  1.46822000000000E-01  9.26210000000000E-02 1

 1.17557000000000E-01 -1.61803000000000E-01  0.00000000000000E+00 1
 6.18030000000000E-02 -1.90211000000000E-01  0.00000000000000E+00 1
 8.68360000000000E-02 -1.68718000000000E-01 -6.31940000000000E-02 1

-7.11850000000000E-02 -9.74110000000000E-02 -1.59511000000000E-01 1
-6.11060000000000E-02 -1.54479000000000E-01 -1.11365000000000E-01 1
-1.17500000000000E-01 -1.11002000000000E-01 -1.17781000000000E-01 1

-6.11060000000000E-02 -1.54479000000000E-01 -1.11365000000000E-01 1
-1.02123000000000E-01 -1.52465000000000E-01 -7.95320000000000E-02 1
-1.17500000000000E-01 -1.11002000000000E-01 -1.17781000000000E-01 1

 2.96450000000000E-02  1.74986000000000E-01  9.22020000000000E-02 1
 8.45700000000000E-03  1.95188000000000E-01  4.27800000000000E-02 1
-2.32890000000000E-02  1.76886000000000E-01  9.03810000000000E-02 1

-1.18585000000000E-01  1.37091000000000E-01 -8.45210000000000E-02 1
-1.36281000000000E-01  1.44684000000000E-01 -2.22310000000000E-02 1
-9.00730000000000E-02  1.74065000000000E-01 -3.98530000000000E-02 1

 9.93200000000000E-02  1.46822000000000E-01  9.26210000000000E-02 1
 2.96450000000000E-02  1.74986000000000E-01  9.22020000000000E-02 1
 4.92180000000000E-02  1.43449000000000E-01  1.30384000000000E-01 1

 8.74310000000000E-02  1.71592000000000E-01 -5.39630000000000E-02 1
 3.19740000000000E-02  1.77735000000000E-01 -8.59530000000000E-02 1
 1.79540000000000E-02  1.95054000000000E-01 -4.03920000000000E-02 1

 1.39731000000000E-01 -1.28132000000000E-01 -6.36970000000000E-02 1
 8.68360000000000E-02 -1.68718000000000E-01 -6.31940000000000E-02 1
 8.95320000000000E-02 -1.40245000000000E-01 -1.10975000000000E-01 1

 8.00310000000000E-02  5.44030000000000E-02 -1.75030000000000E-01 1
 4.55750000000000E-02  1.24500000000000E-03 -1.94734000000000E-01 1
 3.19080000000000E-02  5.06380000000000E-02 -1.90834000000000E-01 1

 1.36710000000000E-01  4.62210000000000E-02 -1.38471000000000E-01 1
 1.66808000000000E-01  5.50400000000000E-02 -9.56330000000000E-02 1
 1.74469000000000E-01  7.43400000000000E-03 -9.74950000000000E-02 1

 1.47519000000000E-01 -9.85100000000000E-03 -1.34689000000000E-01 1
 1.36710000000000E-01  4.62210000000000E-02 -1.38471000000000E-01 1
 1.74469000000000E-01  7.43400000000000E-03 -9.74950000000000E-02 1

 1.36530000000000E-01 -9.66350000000000E-02 -1.09641000000000E-01 1
 1.39731000000000E-01 -1.28132000000000E-01 -6.36970000000000E-02 1
 8.95320000000000E-02 -1.40245000000000E-01 -1.10975000000000E-01 1

 1.72016000000000E-01 -8.44790000000000E-02 -5.72180000000000E-02 1
 1.36530000000000E-01 -9.66350000000000E-02 -1.09641000000000E-01 1
 1.66329000000000E-01 -4.55720000000000E-02 -1.01281000000000E-01 1

 1.70940000000000E-02 -1.94173000000000E-01 -4.47750000000000E-02 1
-0.00000000000000E+00 -2.00000000000000E-01  0.00000000000000E+00 1
-4.76370000000000E-02 -1.94237000000000E-01 -1.57700000000000E-03 1

-3.07490000000000E-02 -1.92402000000000E-01  4.51220000000000E-02 1
-9.53780000000000E-02 -1.74257000000000E-01  2.31850000000000E-02 1
-4.76370000000000E-02 -1.94237000000000E-01 -1.57700000000000E-03 1

 2.51610000000000E-02 -3.40590000000000E-02  1.95466000000000E-01 1
 3.91400000000000E-02  1.99930000000000E-02  1.95111000000000E-01 1
-1.73090000000000E-02  1.18530000000000E-02  1.98897000000000E-01 1

-1.89652000000000E-01  6.02830000000000E-02  1.99470000000000E-02 1
-1.74108000000000E-01  9.59770000000000E-02 -2.17890000000000E-02 1
-1.87156000000000E-01  5.31400000000000E-02 -4.63560000000000E-02 1

 0.00000000000000E+00  2.00000000000000E-01  0.00000000000000E+00 1
 8.45700000000000E-03  1.95188000000000E-01  4.27800000000000E-02 1
 4.89090000000000E-02  1.88501000000000E-01  4.55560000000000E-02 1

-9.53780000000000E-02 -1.74257000000000E-01  2.31850000000000E-02 1
-3.07490000000000E-02 -1.92402000000000E-01  4.51220000000000E-02 1
-6.21270000000000E-02 -1.73312000000000E-01  7.81230000000000E-02 1

-4.38490000000000E-02 -1.87064000000000E-01 -5.55350000000000E-02 1
 1.70940000000000E-02 -1.94173000000000E-01 -4.47750000000000E-02 1
-4.76370000000000E-02 -1.94237000000000E-01 -1.57700000000000E-03 1

-1.02123000000000E-01 -1.52465000000000E-01 -7.95320000000000E-02 1
-6.11060000000000E-02 -1.54479000000000E-01 -1.11365000000000E-01 1
-4.38490000000000E-02 -1.87064000000000E-01 -5.55350000000000E-02 1

 1.06519000000000E-01 -1.16300000000000E-03 -1.69270000000000E-01 1
 8.00310000000000E-02  5.44030000000000E-02 -1.75030000000000E-01 1
 1.36710000000000E-01  4.62210000000000E-02 -1.38471000000000E-01 1

-9.53780000000000E-02 -1.74257000000000E-01  2.31850000000000E-02 1
-8.84170000000000E-02 -1.76077000000000E-01 -3.43410000000000E-02 1
-4.76370000000000E-02 -1.94237000000000E-01 -1.57700000000000E-03 1

 1.66329000000000E-01 -4.55720000000000E-02 -1.01281000000000E-01 1
 1.36530000000000E-01 -9.66350000000000E-02 -1.09641000000000E-01 1
 1.24320000000000E-01 -5.34560000000000E-02 -1.47265000000000E-01 1

 1.24320000000000E-01 -5.34560000000000E-02 -1.47265000000000E-01 1
 1.36530000000000E-01 -9.66350000000000E-02 -1.09641000000000E-01 1
 8.70450000000000E-02 -1.02684000000000E-01 -1.47916000000000E-01 1

 1.90211000000000E-01 -6.18030000000000E-02  0.00000000000000E+00 1
 2.00000000000000E-01 -0.00000000000000E+00  0.00000000000000E+00 1
 1.86837000000000E-01 -3.96780000000000E-02  5.93100000000000E-02 1

 1.24320000000000E-01 -5.34560000000000E-02 -1.47265000000000E-01 1
 8.70450000000000E-02 -1.02684000000000E-01 -1.47916000000000E-01 1
 7.26100000000000E-02 -5.25240000000000E-02 -1.78799000000000E-01 1

 7.26100000000000E-02 -5.25240000000000E-02 -1.78799000000000E-01 1
 8.70450000000000E-02 -1.02684000000000E-01 -1.47916000000000E-01 1
 2.95310000000000E-02 -9.93260000000000E-02 -1.71062000000000E-01 1

 1.24320000000000E-01 -5.34560000000000E-02 -1.47265000000000E-01 1
 7.26100000000000E-02 -5.25240000000000E-02 -1.78799000000000E-01 1
 1.06519000000000E-01 -1.16300000000000E-03 -1.69270000000000E-01 1

 2.95310000000000E-02 -9.93260000000000E-02 -1.71062000000000E-01 1
 8.70450000000000E-02 -1.02684000000000E-01 -1.47916000000000E-01 1
 4.28470000000000E-02 -1.42594000000000E-01 -1.33533000000000E-01 1

 1.06519000000000E-01 -1.16300000000000E-03 -1.69270000000000E-01 1
 7.26100000000000E-02 -5.25240000000000E-02 -1.78799000000000E-01 1
 4.55750000000000E-02  1.24500000000000E-03 -1.94734000000000E-01 1

 2.95310000000000E-02 -9.93260000000000E-02 -1.71062000000000E-01 1
 4.28470000000000E-02 -1.42594000000000E-01 -1.33533000000000E-01 1
-1.63460000000000E-02 -1.34500000000000E-01 -1.47114000000000E-01 1

-1.63460000000000E-02 -1.34500000000000E-01 -1.47114000000000E-01 1
 4.28470000000000E-02 -1.42594000000000E-01 -1.33533000000000E-01 1
-3.46800000000000E-03 -1.73313000000000E-01 -9.97520000000000E-02 1

 2.95310000000000E-02 -9.93260000000000E-02 -1.71062000000000E-01 1
-1.63460000000000E-02 -1.34500000000000E-01 -1.47114000000000E-01 1
-1.99360000000000E-02 -7.90510000000000E-02 -1.82629000000000E-01 1

-1.99360000000000E-02 -7.90510000000000E-02 -1.82629000000000E-01 1
-1.63460000000000E-02 -1.34500000000000E-01 -1.47114000000000E-01 1
-7.11850000000000E-02 -9.74110000000000E-02 -1.59511000000000E-01 1

-7.11850000000000E-02 -9.74110000000000E-02 -1.59511000000000E-01 1
-1.63460000000000E-02 -1.34500000000000E-01 -1.47114000000000E-01 1
-6.11060000000000E-02 -1.54479000000000E-01 -1.11365000000000E-01 1

-1.42005000000000E-01 -1.14820000000000E-02 -1.40366000000000E-01 1
-1.79004000000000E-01 -8.63400000000000E-03 -8.87860000000000E-02 1
-1.58581000000000E-01  4.29880000000000E-02 -1.14035000000000E-01 1

-1.30749000000000E-01  1.45677000000000E-01  4.10230000000000E-02 1
-8.73610000000000E-02  1.79558000000000E-01  1.12730000000000E-02 1
-1.36281000000000E-01  1.44684000000000E-01 -2.22310000000000E-02 1

-1.53276000000000E-01 -6.58280000000000E-02 -1.10332000000000E-01 1
-1.42005000000000E-01 -1.14820000000000E-02 -1.40366000000000E-01 1
-1.15050000000000E-01 -5.79310000000000E-02 -1.52995000000000E-01 1

-1.53276000000000E-01 -6.58280000000000E-02 -1.10332000000000E-01 1
-1.79004000000000E-01 -8.63400000000000E-03 -8.87860000000000E-02 1
-1.42005000000000E-01 -1.14820000000000E-02 -1.40366000000000E-01 1

-1.42005000000000E-01 -1.14820000000000E-02 -1.40366000000000E-01 1
-1.58581000000000E-01  4.29880000000000E-02 -1.14035000000000E-01 1
-1.11681000000000E-01  3.87740000000000E-02 -1.61319000000000E-01 1

 1.17557000000000E-01  1.61803000000000E-01  0.00000000000000E+00 1
 6.18030000000000E-02  1.90211000000000E-01  0.00000000000000E+00 1
 8.74310000000000E-02  1.71592000000000E-01  5.39630000000000E-02 1

-1.11681000000000E-01  3.87740000000000E-02 -1.61319000000000E-01 1
-1.58581000000000E-01  4.29880000000000E-02 -1.14035000000000E-01 1
-1.21504000000000E-01  9.11740000000000E-02 -1.30093000000000E-01 1

-8.73610000000000E-02  1.79558000000000E-01  1.12730000000000E-02 1
-4.51150000000000E-02  1.88589000000000E-01  4.89800000000000E-02 1
-3.67050000000000E-02  1.95382000000000E-01 -2.18780000000000E-02 1

-1.11681000000000E-01  3.87740000000000E-02 -1.61319000000000E-01 1
-1.21504000000000E-01  9.11740000000000E-02 -1.30093000000000E-01 1
-7.06210000000000E-02  8.57260000000000E-02 -1.66324000000000E-01 1

-1.21504000000000E-01  9.11740000000000E-02 -1.30093000000000E-01 1
-1.58581000000000E-01  4.29880000000000E-02 -1.14035000000000E-01 1
-1.58524000000000E-01  9.52260000000000E-02 -7.61720000000000E-02 1

-7.06210000000000E-02  8.57260000000000E-02 -1.66324000000000E-01 1
-1.21504000000000E-01  9.11740000000000E-02 -1.30093000000000E-01 1
-7.52140000000000E-02  1.34539000000000E-01 -1.27444000000000E-01 1

 6.18030000000000E-02  1.90211000000000E-01  0.00000000000000E+00 1
 1.17557000000000E-01  1.61803000000000E-01  0.00000000000000E+00 1
 8.74310000000000E-02  1.71592000000000E-01 -5.39630000000000E-02 1

-0.00000000000000E+00 -2.00000000000000E-01  0.00000000000000E+00 1
 6.18030000000000E-02 -1.90211000000000E-01  0.00000000000000E+00 1
 3.01270000000000E-02 -1.90211000000000E-01  5.39630000000000E-02 1

 1.90211000000000E-01 -6.18030000000000E-02  0.00000000000000E+00 1
 1.61803000000000E-01 -1.17557000000000E-01  0.00000000000000E+00 1
 1.72016000000000E-01 -8.44790000000000E-02 -5.72180000000000E-02 1

 1.61803000000000E-01  1.17557000000000E-01  0.00000000000000E+00 1
 1.71592000000000E-01  8.74310000000000E-02 -5.39630000000000E-02 1
 1.34821000000000E-01  1.38042000000000E-01 -5.26100000000000E-02 1

 6.18030000000000E-02 -1.90211000000000E-01  0.00000000000000E+00 1
 1.17557000000000E-01 -1.61803000000000E-01  0.00000000000000E+00 1
 8.74310000000000E-02 -1.71592000000000E-01  5.39630000000000E-02 1

 1.61803000000000E-01  1.17557000000000E-01  0.00000000000000E+00 1
 1.90211000000000E-01  6.18030000000000E-02  0.00000000000000E+00 1
 1.71592000000000E-01  8.74310000000000E-02 -5.39630000000000E-02 1

-8.73610000000000E-02  1.79558000000000E-01  1.12730000000000E-02 1
-8.13310000000000E-02  1.67749000000000E-01  7.24260000000000E-02 1
-4.51150000000000E-02  1.88589000000000E-01  4.89800000000000E-02 1

-1.30749000000000E-01  1.45677000000000E-01  4.10230000000000E-02 1
-8.13310000000000E-02  1.67749000000000E-01  7.24260000000000E-02 1
-8.73610000000000E-02  1.79558000000000E-01  1.12730000000000E-02 1

-1.79004000000000E-01 -8.63400000000000E-03 -8.87860000000000E-02 1
-1.82168000000000E-01 -6.15690000000000E-02 -5.49920000000000E-02 1
-1.98288000000000E-01 -2.55500000000000E-03 -2.59860000000000E-02 1

-1.49662000000000E-01 -1.13049000000000E-01 -6.94350000000000E-02 1
-1.70230000000000E-01 -1.04409000000000E-01 -1.09730000000000E-02 1
-1.82168000000000E-01 -6.15690000000000E-02 -5.49920000000000E-02 1

-1.79569000000000E-01  3.87240000000000E-02  7.90910000000000E-02 1
-1.89652000000000E-01  6.02830000000000E-02  1.99470000000000E-02 1
-1.97181000000000E-01 -3.01000000000000E-04  3.34580000000000E-02 1

-1.29699000000000E-01 -1.50435000000000E-01 -2.33990000000000E-02 1
-1.49662000000000E-01 -1.13049000000000E-01 -6.94350000000000E-02 1
-1.02123000000000E-01 -1.52465000000000E-01 -7.95320000000000E-02 1

-2.10930000000000E-02  1.22693000000000E-01 -1.56530000000000E-01 1
 3.79540000000000E-02  1.38632000000000E-01 -1.39071000000000E-01 1
 3.38690000000000E-02  9.68880000000000E-02 -1.71656000000000E-01 1

 3.79540000000000E-02  1.38632000000000E-01 -1.39071000000000E-01 1
-2.32710000000000E-02  1.65053000000000E-01 -1.10526000000000E-01 1
 3.19740000000000E-02  1.77735000000000E-01 -8.59530000000000E-02 1

 1.90211000000000E-01  6.18030000000000E-02  0.00000000000000E+00 1
 1.61803000000000E-01  1.17557000000000E-01  0.00000000000000E+00 1
 1.71592000000000E-01  8.74310000000000E-02  5.39630000000000E-02 1

-1.53276000000000E-01 -6.58280000000000E-02 -1.10332000000000E-01 1
-1.82168000000000E-01 -6.15690000000000E-02 -5.49920000000000E-02 1
-1.79004000000000E-01 -8.63400000000000E-03 -8.87860000000000E-02 1

 3.19740000000000E-02  1.77735000000000E-01 -8.59530000000000E-02 1
-2.32710000000000E-02  1.65053000000000E-01 -1.10526000000000E-01 1
-2.76350000000000E-02  1.86366000000000E-01 -6.71120000000000E-02 1

-1.79569000000000E-01  3.87240000000000E-02  7.90910000000000E-02 1
-1.62542000000000E-01  9.71180000000000E-02  6.44060000000000E-02 1
-1.89652000000000E-01  6.02830000000000E-02  1.99470000000000E-02 1

-7.06210000000000E-02  8.57260000000000E-02 -1.66324000000000E-01 1
-7.52140000000000E-02  1.34539000000000E-01 -1.27444000000000E-01 1
-2.10930000000000E-02  1.22693000000000E-01 -1.56530000000000E-01 1

-1.29699000000000E-01 -1.50435000000000E-01 -2.33990000000000E-02 1
-1.70230000000000E-01 -1.04409000000000E-01 -1.09730000000000E-02 1
-1.49662000000000E-01 -1.13049000000000E-01 -6.94350000000000E-02 1

-1.11681000000000E-01  3.87740000000000E-02 -1.61319000000000E-01 1
-7.06210000000000E-02  8.57260000000000E-02 -1.66324000000000E-01 1
-5.72170000000000E-02  2.16430000000000E-02 -1.90415000000000E-01 1

-2.10930000000000E-02  1.22693000000000E-01 -1.56530000000000E-01 1
-2.32710000000000E-02  1.65053000000000E-01 -1.10526000000000E-01 1
 3.79540000000000E-02  1.38632000000000E-01 -1.39071000000000E-01 1

-1.30749000000000E-01  1.45677000000000E-01  4.10230000000000E-02 1
-1.19399000000000E-01  1.26006000000000E-01  9.93300000000000E-02 1
-8.13310000000000E-02  1.67749000000000E-01  7.24260000000000E-02 1

 3.38690000000000E-02  9.68880000000000E-02 -1.71656000000000E-01 1
 3.79540000000000E-02  1.38632000000000E-01 -1.39071000000000E-01 1
 8.52740000000000E-02  1.14091000000000E-01 -1.40398000000000E-01 1

-1.49662000000000E-01 -1.13049000000000E-01 -6.94350000000000E-02 1
-1.82168000000000E-01 -6.15690000000000E-02 -5.49920000000000E-02 1
-1.53276000000000E-01 -6.58280000000000E-02 -1.10332000000000E-01 1

-2.32710000000000E-02  1.65053000000000E-01 -1.10526000000000E-01 1
-7.52140000000000E-02  1.34539000000000E-01 -1.27444000000000E-01 1
-7.49220000000000E-02  1.69384000000000E-01 -7.54710000000000E-02 1

-1.45433000000000E-01  6.52590000000000E-02  1.20791000000000E-01 1
-1.62542000000000E-01  9.71180000000000E-02  6.44060000000000E-02 1
-1.79569000000000E-01  3.87240000000000E-02  7.90910000000000E-02 1

-9.53780000000000E-02 -1.74257000000000E-01  2.31850000000000E-02 1
-1.29699000000000E-01 -1.50435000000000E-01 -2.33990000000000E-02 1
-8.84170000000000E-02 -1.76077000000000E-01 -3.43410000000000E-02 1

-1.62542000000000E-01  9.71180000000000E-02  6.44060000000000E-02 1
-1.19399000000000E-01  1.26006000000000E-01  9.93300000000000E-02 1
-1.30749000000000E-01  1.45677000000000E-01  4.10230000000000E-02 1

-1.29699000000000E-01 -1.50435000000000E-01 -2.33990000000000E-02 1
-1.42744000000000E-01 -1.35402000000000E-01  3.59250000000000E-02 1
-1.70230000000000E-01 -1.04409000000000E-01 -1.09730000000000E-02 1

-2.10930000000000E-02  1.22693000000000E-01 -1.56530000000000E-01 1
-7.52140000000000E-02  1.34539000000000E-01 -1.27444000000000E-01 1
-2.32710000000000E-02  1.65053000000000E-01 -1.10526000000000E-01 1

-1.19399000000000E-01  1.26006000000000E-01  9.93300000000000E-02 1
-9.43650000000000E-02  9.57740000000000E-02  1.48062000000000E-01 1
-6.46810000000000E-02  1.42653000000000E-01  1.24364000000000E-01 1

-1.45433000000000E-01  6.52590000000000E-02  1.20791000000000E-01 1
-1.19399000000000E-01  1.26006000000000E-01  9.93300000000000E-02 1
-1.62542000000000E-01  9.71180000000000E-02  6.44060000000000E-02 1

-9.53780000000000E-02 -1.74257000000000E-01  2.31850000000000E-02 1
-1.42744000000000E-01 -1.35402000000000E-01  3.59250000000000E-02 1
-1.29699000000000E-01 -1.50435000000000E-01 -2.33990000000000E-02 1

-1.69762000000000E-01 -5.25390000000000E-02  9.17630000000000E-02 1
-1.32368000000000E-01 -6.34350000000000E-02  1.35848000000000E-01 1
-1.56267000000000E-01 -9.16000000000000E-04  1.24819000000000E-01 1

-1.45433000000000E-01  6.52590000000000E-02  1.20791000000000E-01 1
-9.43650000000000E-02  9.57740000000000E-02  1.48062000000000E-01 1
-1.19399000000000E-01  1.26006000000000E-01  9.93300000000000E-02 1

-1.04741000000000E-01 -1.48600000000000E-01  8.33520000000000E-02 1
-1.42744000000000E-01 -1.35402000000000E-01  3.59250000000000E-02 1
-9.53780000000000E-02 -1.74257000000000E-01  2.31850000000000E-02 1

-1.44158000000000E-01 -1.04275000000000E-01  9.13530000000000E-02 1
-1.32368000000000E-01 -6.34350000000000E-02  1.35848000000000E-01 1
-1.69762000000000E-01 -5.25390000000000E-02  9.17630000000000E-02 1

-1.11874000000000E-01  3.32940000000000E-02  1.62406000000000E-01 1
-9.43650000000000E-02  9.57740000000000E-02  1.48062000000000E-01 1
-1.45433000000000E-01  6.52590000000000E-02  1.20791000000000E-01 1

-5.81450000000000E-02  5.79970000000000E-02  1.82361000000000E-01 1
-1.11874000000000E-01  3.32940000000000E-02  1.62406000000000E-01 1
-7.32370000000000E-02 -6.58900000000000E-03  1.85992000000000E-01 1

-1.44158000000000E-01 -1.04275000000000E-01  9.13530000000000E-02 1
-9.71950000000000E-02 -1.15015000000000E-01  1.31623000000000E-01 1
-1.32368000000000E-01 -6.34350000000000E-02  1.35848000000000E-01 1

-1.04741000000000E-01 -1.48600000000000E-01  8.33520000000000E-02 1
-1.44158000000000E-01 -1.04275000000000E-01  9.13530000000000E-02 1
-1.42744000000000E-01 -1.35402000000000E-01  3.59250000000000E-02 1

-5.81450000000000E-02  5.79970000000000E-02  1.82361000000000E-01 1
-9.43650000000000E-02  9.57740000000000E-02  1.48062000000000E-01 1
-1.11874000000000E-01  3.32940000000000E-02  1.62406000000000E-01 1

-1.04741000000000E-01 -1.48600000000000E-01  8.33520000000000E-02 1
-9.71950000000000E-02 -1.15015000000000E-01  1.31623000000000E-01 1
-1.44158000000000E-01 -1.04275000000000E-01  9.13530000000000E-02 1

-5.81450000000000E-02  5.79970000000000E-02  1.82361000000000E-01 1
-3.55270000000000E-02  1.10957000000000E-01  1.62562000000000E-01 1
-9.43650000000000E-02  9.57740000000000E-02  1.48062000000000E-01 1

-5.20200000000000E-02 -1.52245000000000E-01  1.18808000000000E-01 1
-9.71950000000000E-02 -1.15015000000000E-01  1.31623000000000E-01 1
-1.04741000000000E-01 -1.48600000000000E-01  8.33520000000000E-02 1

 2.99000000000000E-03  7.04460000000000E-02  1.87159000000000E-01 1
-3.55270000000000E-02  1.10957000000000E-01  1.62562000000000E-01 1
-5.81450000000000E-02  5.79970000000000E-02  1.82361000000000E-01 1

 6.55300000000000E-03 -1.43888000000000E-01  1.38757000000000E-01 1
-5.20200000000000E-02 -1.52245000000000E-01  1.18808000000000E-01 1
-1.30400000000000E-03 -1.79604000000000E-01  8.79810000000000E-02 1

-5.20200000000000E-02 -1.52245000000000E-01  1.18808000000000E-01 1
-4.20020000000000E-02 -1.11183000000000E-01  1.60854000000000E-01 1
-9.71950000000000E-02 -1.15015000000000E-01  1.31623000000000E-01 1

 2.99000000000000E-03  7.04460000000000E-02  1.87159000000000E-01 1
 2.63710000000000E-02  1.20359000000000E-01  1.57538000000000E-01 1
-3.55270000000000E-02  1.10957000000000E-01  1.62562000000000E-01 1

 6.43650000000000E-02  7.27630000000000E-02  1.74822000000000E-01 1
 2.99000000000000E-03  7.04460000000000E-02  1.87159000000000E-01 1
 3.91400000000000E-02  1.99930000000000E-02  1.95111000000000E-01 1

 6.55300000000000E-03 -1.43888000000000E-01  1.38757000000000E-01 1
-4.20020000000000E-02 -1.11183000000000E-01  1.60854000000000E-01 1
-5.20200000000000E-02 -1.52245000000000E-01  1.18808000000000E-01 1

-4.20020000000000E-02 -1.11183000000000E-01  1.60854000000000E-01 1
 1.64080000000000E-02 -9.33340000000000E-02  1.76124000000000E-01 1
-3.11620000000000E-02 -5.12000000000000E-02  1.90807000000000E-01 1

 6.43650000000000E-02  7.27630000000000E-02  1.74822000000000E-01 1
 2.63710000000000E-02  1.20359000000000E-01  1.57538000000000E-01 1
 2.99000000000000E-03  7.04460000000000E-02  1.87159000000000E-01 1

 6.55300000000000E-03 -1.43888000000000E-01  1.38757000000000E-01 1
 1.64080000000000E-02 -9.33340000000000E-02  1.76124000000000E-01 1
-4.20020000000000E-02 -1.11183000000000E-01  1.60854000000000E-01 1

 6.43650000000000E-02  7.27630000000000E-02  1.74822000000000E-01 1
 8.53150000000000E-02  1.18568000000000E-01  1.36613000000000E-01 1
 2.63710000000000E-02  1.20359000000000E-01  1.57538000000000E-01 1

 6.43900000000000E-02 -1.21019000000000E-01  1.45630000000000E-01 1
 1.64080000000000E-02 -9.33340000000000E-02  1.76124000000000E-01 1
 6.55300000000000E-03 -1.43888000000000E-01  1.38757000000000E-01 1

 1.19397000000000E-01  6.69150000000000E-02  1.45831000000000E-01 1
 8.53150000000000E-02  1.18568000000000E-01  1.36613000000000E-01 1
 6.43650000000000E-02  7.27630000000000E-02  1.74822000000000E-01 1

 6.43900000000000E-02 -1.21019000000000E-01  1.45630000000000E-01 1
 7.22260000000000E-02 -6.60300000000000E-02  1.74423000000000E-01 1
 1.64080000000000E-02 -9.33340000000000E-02  1.76124000000000E-01 1

 1.19397000000000E-01  6.69150000000000E-02  1.45831000000000E-01 1
 1.36198000000000E-01  1.05449000000000E-01  1.01640000000000E-01 1
 8.53150000000000E-02  1.18568000000000E-01  1.36613000000000E-01 1

 1.63043000000000E-01  5.13750000000000E-02  1.03814000000000E-01 1
 1.19397000000000E-01  6.69150000000000E-02  1.45831000000000E-01 1
 1.43898000000000E-01  9.25900000000000E-03  1.38591000000000E-01 1

 1.07451000000000E-01 -1.34073000000000E-01  1.02366000000000E-01 1
 6.43900000000000E-02 -1.21019000000000E-01  1.45630000000000E-01 1
 4.78720000000000E-02 -1.64272000000000E-01  1.03551000000000E-01 1

 6.43900000000000E-02 -1.21019000000000E-01  1.45630000000000E-01 1
 1.17711000000000E-01 -8.49370000000000E-02  1.37585000000000E-01 1
 7.22260000000000E-02 -6.60300000000000E-02  1.74423000000000E-01 1

 1.63043000000000E-01  5.13750000000000E-02  1.03814000000000E-01 1
 1.36198000000000E-01  1.05449000000000E-01  1.01640000000000E-01 1
 1.19397000000000E-01  6.69150000000000E-02  1.45831000000000E-01 1

 1.36198000000000E-01  1.05449000000000E-01  1.01640000000000E-01 1
 1.71592000000000E-01  8.74310000000000E-02  5.39630000000000E-02 1
 1.36398000000000E-01  1.38620000000000E-01  4.66910000000000E-02 1

 1.07451000000000E-01 -1.34073000000000E-01  1.02366000000000E-01 1
 1.17711000000000E-01 -8.49370000000000E-02  1.37585000000000E-01 1
 6.43900000000000E-02 -1.21019000000000E-01  1.45630000000000E-01 1

 1.56125000000000E-01 -4.28570000000000E-02  1.17423000000000E-01 1
 1.86837000000000E-01 -3.96780000000000E-02  5.93100000000000E-02 1
 1.75582000000000E-01 -9.16000000000000E-04  9.57620000000000E-02 1

-8.84170000000000E-02 -1.76077000000000E-01 -3.43410000000000E-02 1
-1.02123000000000E-01 -1.52465000000000E-01 -7.95320000000000E-02 1
-4.38490000000000E-02 -1.87064000000000E-01 -5.55350000000000E-02 1

 1.63043000000000E-01  5.13750000000000E-02  1.03814000000000E-01 1
 1.71592000000000E-01  8.74310000000000E-02  5.39630000000000E-02 1
 1.36198000000000E-01  1.05449000000000E-01  1.01640000000000E-01 1

-1.97181000000000E-01 -3.01000000000000E-04  3.34580000000000E-02 1
-1.98288000000000E-01 -2.55500000000000E-03 -2.59860000000000E-02 1
-1.92993000000000E-01 -5.23270000000000E-02  3.94100000000000E-03 1

 1.07451000000000E-01 -1.34073000000000E-01  1.02366000000000E-01 1
 1.54686000000000E-01 -9.02720000000000E-02  8.90130000000000E-02 1
 1.17711000000000E-01 -8.49370000000000E-02  1.37585000000000E-01 1

 8.74310000000000E-02 -1.71592000000000E-01  5.39630000000000E-02 1
 1.07451000000000E-01 -1.34073000000000E-01  1.02366000000000E-01 1
 4.78720000000000E-02 -1.64272000000000E-01  1.03551000000000E-01 1

 1.71592000000000E-01  8.74310000000000E-02 -5.39630000000000E-02 1
 1.39291000000000E-01  9.96840000000000E-02 -1.03253000000000E-01 1
 1.34821000000000E-01  1.38042000000000E-01 -5.26100000000000E-02 1

-1.56267000000000E-01 -9.16000000000000E-04  1.24819000000000E-01 1
-1.79569000000000E-01  3.87240000000000E-02  7.90910000000000E-02 1
-1.84116000000000E-01 -9.33900000000000E-03  7.75500000000000E-02 1

-4.38490000000000E-02 -1.87064000000000E-01 -5.55350000000000E-02 1
-3.46800000000000E-03 -1.73313000000000E-01 -9.97520000000000E-02 1
 1.70940000000000E-02 -1.94173000000000E-01 -4.47750000000000E-02 1

 1.86837000000000E-01 -3.96780000000000E-02  5.93100000000000E-02 1
 2.00000000000000E-01 -0.00000000000000E+00  0.00000000000000E+00 1
 1.90615000000000E-01  2.90690000000000E-02  5.31110000000000E-02 1

 1.17557000000000E-01  1.61803000000000E-01  0.00000000000000E+00 1
 1.61803000000000E-01  1.17557000000000E-01  0.00000000000000E+00 1
 1.34821000000000E-01  1.38042000000000E-01 -5.26100000000000E-02 1

 6.18030000000000E-02 -1.90211000000000E-01  0.00000000000000E+00 1
 8.74310000000000E-02 -1.71592000000000E-01  5.39630000000000E-02 1
 3.01270000000000E-02 -1.90211000000000E-01  5.39630000000000E-02 1

-2.76350000000000E-02  1.86366000000000E-01 -6.71120000000000E-02 1
-7.49220000000000E-02  1.69384000000000E-01 -7.54710000000000E-02 1
-3.67050000000000E-02  1.95382000000000E-01 -2.18780000000000E-02 1

 1.90211000000000E-01 -6.18030000000000E-02  0.00000000000000E+00 1
 1.86837000000000E-01 -3.96780000000000E-02  5.93100000000000E-02 1
 1.73589000000000E-01 -9.01130000000000E-02  4.17890000000000E-02 1

 3.38690000000000E-02  9.68880000000000E-02 -1.71656000000000E-01 1
 8.52740000000000E-02  1.14091000000000E-01 -1.40398000000000E-01 1
 8.00310000000000E-02  5.44030000000000E-02 -1.75030000000000E-01 1

 2.00000000000000E-01 -0.00000000000000E+00  0.00000000000000E+00 1
 1.90211000000000E-01  6.18030000000000E-02  0.00000000000000E+00 1
 1.90615000000000E-01  2.90690000000000E-02  5.31110000000000E-02 1

 8.45700000000000E-03  1.95188000000000E-01  4.27800000000000E-02 1
 2.96450000000000E-02  1.74986000000000E-01  9.22020000000000E-02 1
 4.89090000000000E-02  1.88501000000000E-01  4.55560000000000E-02 1

-2.32890000000000E-02  1.76886000000000E-01  9.03810000000000E-02 1
 8.45700000000000E-03  1.95188000000000E-01  4.27800000000000E-02 1
-4.51150000000000E-02  1.88589000000000E-01  4.89800000000000E-02 1

 1.90615000000000E-01  2.90690000000000E-02  5.31110000000000E-02 1
 1.71592000000000E-01  8.74310000000000E-02  5.39630000000000E-02 1
 1.63043000000000E-01  5.13750000000000E-02  1.03814000000000E-01 1

 1.90211000000000E-01  6.18030000000000E-02  0.00000000000000E+00 1
 1.71592000000000E-01  8.74310000000000E-02  5.39630000000000E-02 1
 1.90615000000000E-01  2.90690000000000E-02  5.31110000000000E-02 1

 1.17711000000000E-01 -8.49370000000000E-02  1.37585000000000E-01 1
 1.54686000000000E-01 -9.02720000000000E-02  8.90130000000000E-02 1
 1.56125000000000E-01 -4.28570000000000E-02  1.17423000000000E-01 1

 1.07451000000000E-01 -1.34073000000000E-01  1.02366000000000E-01 1
 1.37221000000000E-01 -1.36827000000000E-01  4.94850000000000E-02 1
 1.54686000000000E-01 -9.02720000000000E-02  8.90130000000000E-02 1

-3.67050000000000E-02  1.95382000000000E-01 -2.18780000000000E-02 1
-7.49220000000000E-02  1.69384000000000E-01 -7.54710000000000E-02 1
-9.00730000000000E-02  1.74065000000000E-01 -3.98530000000000E-02 1

 1.43898000000000E-01  9.25900000000000E-03  1.38591000000000E-01 1
 9.49570000000000E-02  2.35660000000000E-02  1.74436000000000E-01 1
 1.14116000000000E-01 -3.00450000000000E-02  1.61477000000000E-01 1

 6.43900000000000E-02 -1.21019000000000E-01  1.45630000000000E-01 1
 6.55300000000000E-03 -1.43888000000000E-01  1.38757000000000E-01 1
 4.78720000000000E-02 -1.64272000000000E-01  1.03551000000000E-01 1

-9.43650000000000E-02  9.57740000000000E-02  1.48062000000000E-01 1
-3.55270000000000E-02  1.10957000000000E-01  1.62562000000000E-01 1
-6.46810000000000E-02  1.42653000000000E-01  1.24364000000000E-01 1

-8.13310000000000E-02  1.67749000000000E-01  7.24260000000000E-02 1
-1.19399000000000E-01  1.26006000000000E-01  9.93300000000000E-02 1
-6.46810000000000E-02  1.42653000000000E-01  1.24364000000000E-01 1

-1.29699000000000E-01 -1.50435000000000E-01 -2.33990000000000E-02 1
-1.02123000000000E-01 -1.52465000000000E-01 -7.95320000000000E-02 1
-8.84170000000000E-02 -1.76077000000000E-01 -3.43410000000000E-02 1

-2.32710000000000E-02  1.65053000000000E-01 -1.10526000000000E-01 1
-7.49220000000000E-02  1.69384000000000E-01 -7.54710000000000E-02 1
-2.76350000000000E-02  1.86366000000000E-01 -6.71120000000000E-02 1

-1.63460000000000E-02 -1.34500000000000E-01 -1.47114000000000E-01 1
-3.46800000000000E-03 -1.73313000000000E-01 -9.97520000000000E-02 1
-6.11060000000000E-02 -1.54479000000000E-01 -1.11365000000000E-01 1

-1.74108000000000E-01  9.59770000000000E-02 -2.17890000000000E-02 1
-1.89652000000000E-01  6.02830000000000E-02  1.99470000000000E-02 1
-1.63091000000000E-01  1.14054000000000E-01  1.98260000000000E-02 1

-1.98288000000000E-01 -2.55500000000000E-03 -2.59860000000000E-02 1
-1.82168000000000E-01 -6.15690000000000E-02 -5.49920000000000E-02 1
-1.92993000000000E-01 -5.23270000000000E-02  3.94100000000000E-03 1

 1.72016000000000E-01 -8.44790000000000E-02 -5.72180000000000E-02 1
 1.66329000000000E-01 -4.55720000000000E-02 -1.01281000000000E-01 1
 1.91173000000000E-01 -2.61830000000000E-02 -5.26050000000000E-02 1

 3.01270000000000E-02 -1.90211000000000E-01  5.39630000000000E-02 1
 8.74310000000000E-02 -1.71592000000000E-01  5.39630000000000E-02 1
 4.78720000000000E-02 -1.64272000000000E-01  1.03551000000000E-01 1

 1.71592000000000E-01  8.74310000000000E-02  5.39630000000000E-02 1
 1.61803000000000E-01  1.17557000000000E-01  0.00000000000000E+00 1
 1.36398000000000E-01  1.38620000000000E-01  4.66910000000000E-02 1

-1.99360000000000E-02 -7.90510000000000E-02 -1.82629000000000E-01 1
-6.54660000000000E-02 -4.22680000000000E-02 -1.84194000000000E-01 1
-1.14140000000000E-02 -2.44600000000000E-02 -1.98170000000000E-01 1

 1.90211000000000E-01 -6.18030000000000E-02  0.00000000000000E+00 1
 1.72016000000000E-01 -8.44790000000000E-02 -5.72180000000000E-02 1
 1.91173000000000E-01 -2.61830000000000E-02 -5.26050000000000E-02 1

-4.51150000000000E-02  1.88589000000000E-01  4.89800000000000E-02 1
 8.45700000000000E-03  1.95188000000000E-01  4.27800000000000E-02 1
-3.67050000000000E-02  1.95382000000000E-01 -2.18780000000000E-02 1

 1.90211000000000E-01  6.18030000000000E-02  0.00000000000000E+00 1
 2.00000000000000E-01 -0.00000000000000E+00  0.00000000000000E+00 1
 1.90826000000000E-01  3.17900000000000E-02 -5.07440000000000E-02 1

 2.96450000000000E-02  1.74986000000000E-01  9.22020000000000E-02 1
 8.74310000000000E-02  1.71592000000000E-01  5.39630000000000E-02 1
 4.89090000000000E-02  1.88501000000000E-01  4.55560000000000E-02 1

-1.82168000000000E-01 -6.15690000000000E-02 -5.49920000000000E-02 1
-1.70230000000000E-01 -1.04409000000000E-01 -1.09730000000000E-02 1
-1.92993000000000E-01 -5.23270000000000E-02  3.94100000000000E-03 1

 1.90826000000000E-01  3.17900000000000E-02 -5.07440000000000E-02 1
 2.00000000000000E-01 -0.00000000000000E+00  0.00000000000000E+00 1
 1.91173000000000E-01 -2.61830000000000E-02 -5.26050000000000E-02 1

-1.89652000000000E-01  6.02830000000000E-02  1.99470000000000E-02 1
-1.62542000000000E-01  9.71180000000000E-02  6.44060000000000E-02 1
-1.63091000000000E-01  1.14054000000000E-01  1.98260000000000E-02 1

-7.49220000000000E-02  1.69384000000000E-01 -7.54710000000000E-02 1
-1.18585000000000E-01  1.37091000000000E-01 -8.45210000000000E-02 1
-9.00730000000000E-02  1.74065000000000E-01 -3.98530000000000E-02 1

 1.64080000000000E-02 -9.33340000000000E-02  1.76124000000000E-01 1
 7.22260000000000E-02 -6.60300000000000E-02  1.74423000000000E-01 1
 2.51610000000000E-02 -3.40590000000000E-02  1.95466000000000E-01 1

-5.72170000000000E-02  2.16430000000000E-02 -1.90415000000000E-01 1
-7.06210000000000E-02  8.57260000000000E-02 -1.66324000000000E-01 1
-1.62160000000000E-02  7.24750000000000E-02 -1.85700000000000E-01 1

 8.74310000000000E-02  1.71592000000000E-01 -5.39630000000000E-02 1
 1.17557000000000E-01  1.61803000000000E-01  0.00000000000000E+00 1
 1.34821000000000E-01  1.38042000000000E-01 -5.26100000000000E-02 1

 6.43650000000000E-02  7.27630000000000E-02  1.74822000000000E-01 1
 3.91400000000000E-02  1.99930000000000E-02  1.95111000000000E-01 1
 9.49570000000000E-02  2.35660000000000E-02  1.74436000000000E-01 1

 2.00000000000000E-01 -0.00000000000000E+00  0.00000000000000E+00 1
 1.90211000000000E-01 -6.18030000000000E-02  0.00000000000000E+00 1
 1.91173000000000E-01 -2.61830000000000E-02 -5.26050000000000E-02 1

-8.13310000000000E-02  1.67749000000000E-01  7.24260000000000E-02 1
-6.46810000000000E-02  1.42653000000000E-01  1.24364000000000E-01 1
-2.32890000000000E-02  1.76886000000000E-01  9.03810000000000E-02 1

-6.11060000000000E-02 -1.54479000000000E-01 -1.11365000000000E-01 1
-3.46800000000000E-03 -1.73313000000000E-01 -9.97520000000000E-02 1
-4.38490000000000E-02 -1.87064000000000E-01 -5.55350000000000E-02 1

 1.71592000000000E-01  8.74310000000000E-02 -5.39630000000000E-02 1
 1.90211000000000E-01  6.18030000000000E-02  0.00000000000000E+00 1
 1.90826000000000E-01  3.17900000000000E-02 -5.07440000000000E-02 1

 1.14116000000000E-01 -3.00450000000000E-02  1.61477000000000E-01 1
 9.49570000000000E-02  2.35660000000000E-02  1.74436000000000E-01 1
 7.10590000000000E-02 -1.76170000000000E-02  1.86119000000000E-01 1

 1.39291000000000E-01  9.96840000000000E-02 -1.03253000000000E-01 1
 8.52740000000000E-02  1.14091000000000E-01 -1.40398000000000E-01 1
 1.00405000000000E-01  1.42034000000000E-01 -9.87170000000000E-02 1

-3.11620000000000E-02 -5.12000000000000E-02  1.90807000000000E-01 1
 1.64080000000000E-02 -9.33340000000000E-02  1.76124000000000E-01 1
 2.51610000000000E-02 -3.40590000000000E-02  1.95466000000000E-01 1

-7.06210000000000E-02  8.57260000000000E-02 -1.66324000000000E-01 1
-2.10930000000000E-02  1.22693000000000E-01 -1.56530000000000E-01 1
-1.62160000000000E-02  7.24750000000000E-02 -1.85700000000000E-01 1

-5.81450000000000E-02  5.79970000000000E-02  1.82361000000000E-01 1
-7.32370000000000E-02 -6.58900000000000E-03  1.85992000000000E-01 1
-1.73090000000000E-02  1.18530000000000E-02  1.98897000000000E-01 1

-1.11874000000000E-01  3.32940000000000E-02  1.62406000000000E-01 1
-1.56267000000000E-01 -9.16000000000000E-04  1.24819000000000E-01 1
-1.16207000000000E-01 -1.99450000000000E-02  1.61549000000000E-01 1

-1.21504000000000E-01  9.11740000000000E-02 -1.30093000000000E-01 1
-1.58524000000000E-01  9.52260000000000E-02 -7.61720000000000E-02 1
-1.18585000000000E-01  1.37091000000000E-01 -8.45210000000000E-02 1

 8.68360000000000E-02 -1.68718000000000E-01 -6.31940000000000E-02 1
 6.18030000000000E-02 -1.90211000000000E-01  0.00000000000000E+00 1
 1.70940000000000E-02 -1.94173000000000E-01 -4.47750000000000E-02 1

 1.34821000000000E-01  1.38042000000000E-01 -5.26100000000000E-02 1
 1.39291000000000E-01  9.96840000000000E-02 -1.03253000000000E-01 1
 1.00405000000000E-01  1.42034000000000E-01 -9.87170000000000E-02 1

 8.70450000000000E-02 -1.02684000000000E-01 -1.47916000000000E-01 1
 1.36530000000000E-01 -9.66350000000000E-02 -1.09641000000000E-01 1
 8.95320000000000E-02 -1.40245000000000E-01 -1.10975000000000E-01 1

-7.52140000000000E-02  1.34539000000000E-01 -1.27444000000000E-01 1
-1.21504000000000E-01  9.11740000000000E-02 -1.30093000000000E-01 1
-1.18585000000000E-01  1.37091000000000E-01 -8.45210000000000E-02 1

-1.02123000000000E-01 -1.52465000000000E-01 -7.95320000000000E-02 1
-1.49662000000000E-01 -1.13049000000000E-01 -6.94350000000000E-02 1
-1.17500000000000E-01 -1.11002000000000E-01 -1.17781000000000E-01 1

-1.53276000000000E-01 -6.58280000000000E-02 -1.10332000000000E-01 1
-1.15050000000000E-01 -5.79310000000000E-02 -1.52995000000000E-01 1
-1.17500000000000E-01 -1.11002000000000E-01 -1.17781000000000E-01 1

 2.99000000000000E-03  7.04460000000000E-02  1.87159000000000E-01 1
-5.81450000000000E-02  5.79970000000000E-02  1.82361000000000E-01 1
-1.73090000000000E-02  1.18530000000000E-02  1.98897000000000E-01 1

-7.49220000000000E-02  1.69384000000000E-01 -7.54710000000000E-02 1
-7.52140000000000E-02  1.34539000000000E-01 -1.27444000000000E-01 1
-1.18585000000000E-01  1.37091000000000E-01 -8.45210000000000E-02 1

 1.36710000000000E-01  4.62210000000000E-02 -1.38471000000000E-01 1
 1.39291000000000E-01  9.96840000000000E-02 -1.03253000000000E-01 1
 1.66808000000000E-01  5.50400000000000E-02 -9.56330000000000E-02 1

 1.56125000000000E-01 -4.28570000000000E-02  1.17423000000000E-01 1
 1.43898000000000E-01  9.25900000000000E-03  1.38591000000000E-01 1
 1.14116000000000E-01 -3.00450000000000E-02  1.61477000000000E-01 1

-1.49662000000000E-01 -1.13049000000000E-01 -6.94350000000000E-02 1
-1.53276000000000E-01 -6.58280000000000E-02 -1.10332000000000E-01 1
-1.17500000000000E-01 -1.11002000000000E-01 -1.17781000000000E-01 1

 3.91400000000000E-02  1.99930000000000E-02  1.95111000000000E-01 1
 2.99000000000000E-03  7.04460000000000E-02  1.87159000000000E-01 1
-1.73090000000000E-02  1.18530000000000E-02  1.98897000000000E-01 1

 1.19397000000000E-01  6.69150000000000E-02  1.45831000000000E-01 1
 6.43650000000000E-02  7.27630000000000E-02  1.74822000000000E-01 1
 9.49570000000000E-02  2.35660000000000E-02  1.74436000000000E-01 1

 1.37221000000000E-01 -1.36827000000000E-01  4.94850000000000E-02 1
 1.61803000000000E-01 -1.17557000000000E-01  0.00000000000000E+00 1
 1.73589000000000E-01 -9.01130000000000E-02  4.17890000000000E-02 1

-2.10930000000000E-02  1.22693000000000E-01 -1.56530000000000E-01 1
 3.38690000000000E-02  9.68880000000000E-02 -1.71656000000000E-01 1
-1.62160000000000E-02  7.24750000000000E-02 -1.85700000000000E-01 1

 1.54686000000000E-01 -9.02720000000000E-02  8.90130000000000E-02 1
 1.37221000000000E-01 -1.36827000000000E-01  4.94850000000000E-02 1
 1.73589000000000E-01 -9.01130000000000E-02  4.17890000000000E-02 1

-8.13310000000000E-02  1.67749000000000E-01  7.24260000000000E-02 1
-2.32890000000000E-02  1.76886000000000E-01  9.03810000000000E-02 1
-4.51150000000000E-02  1.88589000000000E-01  4.89800000000000E-02 1

 1.17557000000000E-01 -1.61803000000000E-01  0.00000000000000E+00 1
 1.61803000000000E-01 -1.17557000000000E-01  0.00000000000000E+00 1
 1.37221000000000E-01 -1.36827000000000E-01  4.94850000000000E-02 1

 1.17557000000000E-01  1.61803000000000E-01  0.00000000000000E+00 1
 8.74310000000000E-02  1.71592000000000E-01  5.39630000000000E-02 1
 1.36398000000000E-01  1.38620000000000E-01  4.66910000000000E-02 1

-1.44158000000000E-01 -1.04275000000000E-01  9.13530000000000E-02 1
-1.69762000000000E-01 -5.25390000000000E-02  9.17630000000000E-02 1
-1.74121000000000E-01 -8.70710000000000E-02  4.58320000000000E-02 1

-1.70230000000000E-01 -1.04409000000000E-01 -1.09730000000000E-02 1
-1.42744000000000E-01 -1.35402000000000E-01  3.59250000000000E-02 1
-1.74121000000000E-01 -8.70710000000000E-02  4.58320000000000E-02 1

 1.43898000000000E-01  9.25900000000000E-03  1.38591000000000E-01 1
 1.19397000000000E-01  6.69150000000000E-02  1.45831000000000E-01 1
 9.49570000000000E-02  2.35660000000000E-02  1.74436000000000E-01 1

-5.72170000000000E-02  2.16430000000000E-02 -1.90415000000000E-01 1
-6.54660000000000E-02 -4.22680000000000E-02 -1.84194000000000E-01 1
-1.02348000000000E-01 -9.67900000000000E-03 -1.71555000000000E-01 1

 1.43898000000000E-01  9.25900000000000E-03  1.38591000000000E-01 1
 1.56125000000000E-01 -4.28570000000000E-02  1.17423000000000E-01 1
 1.75582000000000E-01 -9.16000000000000E-04  9.57620000000000E-02 1

-1.92993000000000E-01 -5.23270000000000E-02  3.94100000000000E-03 1
-1.70230000000000E-01 -1.04409000000000E-01 -1.09730000000000E-02 1
-1.74121000000000E-01 -8.70710000000000E-02  4.58320000000000E-02 1

 1.63043000000000E-01  5.13750000000000E-02  1.03814000000000E-01 1
 1.43898000000000E-01  9.25900000000000E-03  1.38591000000000E-01 1
 1.75582000000000E-01 -9.16000000000000E-04  9.57620000000000E-02 1

 6.18030000000000E-02 -1.90211000000000E-01  0.00000000000000E+00 1
-0.00000000000000E+00 -2.00000000000000E-01  0.00000000000000E+00 1
 1.70940000000000E-02 -1.94173000000000E-01 -4.47750000000000E-02 1

-1.32368000000000E-01 -6.34350000000000E-02  1.35848000000000E-01 1
-8.61940000000000E-02 -6.16960000000000E-02  1.69600000000000E-01 1
-1.16207000000000E-01 -1.99450000000000E-02  1.61549000000000E-01 1

 1.36198000000000E-01  1.05449000000000E-01  1.01640000000000E-01 1
 1.36398000000000E-01  1.38620000000000E-01  4.66910000000000E-02 1
 9.93200000000000E-02  1.46822000000000E-01  9.26210000000000E-02 1

-4.20020000000000E-02 -1.11183000000000E-01  1.60854000000000E-01 1
-3.11620000000000E-02 -5.12000000000000E-02  1.90807000000000E-01 1
-8.61940000000000E-02 -6.16960000000000E-02  1.69600000000000E-01 1

-1.32368000000000E-01 -6.34350000000000E-02  1.35848000000000E-01 1
-9.71950000000000E-02 -1.15015000000000E-01  1.31623000000000E-01 1
-8.61940000000000E-02 -6.16960000000000E-02  1.69600000000000E-01 1

 1.06519000000000E-01 -1.16300000000000E-03 -1.69270000000000E-01 1
 1.36710000000000E-01  4.62210000000000E-02 -1.38471000000000E-01 1
 1.47519000000000E-01 -9.85100000000000E-03 -1.34689000000000E-01 1

-1.30400000000000E-03 -1.79604000000000E-01  8.79810000000000E-02 1
-5.20200000000000E-02 -1.52245000000000E-01  1.18808000000000E-01 1
-6.21270000000000E-02 -1.73312000000000E-01  7.81230000000000E-02 1

-1.04741000000000E-01 -1.48600000000000E-01  8.33520000000000E-02 1
-9.53780000000000E-02 -1.74257000000000E-01  2.31850000000000E-02 1
-6.21270000000000E-02 -1.73312000000000E-01  7.81230000000000E-02 1

 8.95320000000000E-02 -1.40245000000000E-01 -1.10975000000000E-01 1
 8.68360000000000E-02 -1.68718000000000E-01 -6.31940000000000E-02 1
 4.88390000000000E-02 -1.68511000000000E-01 -9.60140000000000E-02 1

-1.74108000000000E-01  9.59770000000000E-02 -2.17890000000000E-02 1
-1.58524000000000E-01  9.52260000000000E-02 -7.61720000000000E-02 1
-1.87156000000000E-01  5.31400000000000E-02 -4.63560000000000E-02 1

-1.11681000000000E-01  3.87740000000000E-02 -1.61319000000000E-01 1
-5.72170000000000E-02  2.16430000000000E-02 -1.90415000000000E-01 1
-1.02348000000000E-01 -9.67900000000000E-03 -1.71555000000000E-01 1

 4.55750000000000E-02  1.24500000000000E-03 -1.94734000000000E-01 1
 7.26100000000000E-02 -5.25240000000000E-02 -1.78799000000000E-01 1
 2.52920000000000E-02 -5.50590000000000E-02 -1.90601000000000E-01 1

 1.24320000000000E-01 -5.34560000000000E-02 -1.47265000000000E-01 1
 1.06519000000000E-01 -1.16300000000000E-03 -1.69270000000000E-01 1
 1.47519000000000E-01 -9.85100000000000E-03 -1.34689000000000E-01 1

 1.61803000000000E-01  1.17557000000000E-01  0.00000000000000E+00 1
 1.17557000000000E-01  1.61803000000000E-01  0.00000000000000E+00 1
 1.36398000000000E-01  1.38620000000000E-01  4.66910000000000E-02 1

-8.73610000000000E-02  1.79558000000000E-01  1.12730000000000E-02 1
-3.67050000000000E-02  1.95382000000000E-01 -2.18780000000000E-02 1
-9.00730000000000E-02  1.74065000000000E-01 -3.98530000000000E-02 1

 2.96450000000000E-02  1.74986000000000E-01  9.22020000000000E-02 1
-4.75000000000000E-03  1.46651000000000E-01  1.35907000000000E-01 1
 4.92180000000000E-02  1.43449000000000E-01  1.30384000000000E-01 1

 2.96450000000000E-02  1.74986000000000E-01  9.22020000000000E-02 1
-2.32890000000000E-02  1.76886000000000E-01  9.03810000000000E-02 1
-4.75000000000000E-03  1.46651000000000E-01  1.35907000000000E-01 1

 6.55300000000000E-03 -1.43888000000000E-01  1.38757000000000E-01 1
-1.30400000000000E-03 -1.79604000000000E-01  8.79810000000000E-02 1
 4.78720000000000E-02 -1.64272000000000E-01  1.03551000000000E-01 1

-1.42744000000000E-01 -1.35402000000000E-01  3.59250000000000E-02 1
-1.44158000000000E-01 -1.04275000000000E-01  9.13530000000000E-02 1
-1.74121000000000E-01 -8.70710000000000E-02  4.58320000000000E-02 1

-1.14140000000000E-02 -2.44600000000000E-02 -1.98170000000000E-01 1
 4.55750000000000E-02  1.24500000000000E-03 -1.94734000000000E-01 1
 2.52920000000000E-02 -5.50590000000000E-02 -1.90601000000000E-01 1

-7.32370000000000E-02 -6.58900000000000E-03  1.85992000000000E-01 1
-1.11874000000000E-01  3.32940000000000E-02  1.62406000000000E-01 1
-1.16207000000000E-01 -1.99450000000000E-02  1.61549000000000E-01 1

 1.17711000000000E-01 -8.49370000000000E-02  1.37585000000000E-01 1
 1.56125000000000E-01 -4.28570000000000E-02  1.17423000000000E-01 1
 1.14116000000000E-01 -3.00450000000000E-02  1.61477000000000E-01 1

 2.95310000000000E-02 -9.93260000000000E-02 -1.71062000000000E-01 1
-1.99360000000000E-02 -7.90510000000000E-02 -1.82629000000000E-01 1
 2.52920000000000E-02 -5.50590000000000E-02 -1.90601000000000E-01 1

-1.15050000000000E-01 -5.79310000000000E-02 -1.52995000000000E-01 1
-1.42005000000000E-01 -1.14820000000000E-02 -1.40366000000000E-01 1
-1.02348000000000E-01 -9.67900000000000E-03 -1.71555000000000E-01 1

 8.74310000000000E-02 -1.71592000000000E-01  5.39630000000000E-02 1
 1.37221000000000E-01 -1.36827000000000E-01  4.94850000000000E-02 1
 1.07451000000000E-01 -1.34073000000000E-01  1.02366000000000E-01 1

 1.90615000000000E-01  2.90690000000000E-02  5.31110000000000E-02 1
 1.63043000000000E-01  5.13750000000000E-02  1.03814000000000E-01 1
 1.75582000000000E-01 -9.16000000000000E-04  9.57620000000000E-02 1

-9.71950000000000E-02 -1.15015000000000E-01  1.31623000000000E-01 1
-4.20020000000000E-02 -1.11183000000000E-01  1.60854000000000E-01 1
-8.61940000000000E-02 -6.16960000000000E-02  1.69600000000000E-01 1

-5.20200000000000E-02 -1.52245000000000E-01  1.18808000000000E-01 1
-1.04741000000000E-01 -1.48600000000000E-01  8.33520000000000E-02 1
-6.21270000000000E-02 -1.73312000000000E-01  7.81230000000000E-02 1

-1.69762000000000E-01 -5.25390000000000E-02  9.17630000000000E-02 1
-1.56267000000000E-01 -9.16000000000000E-04  1.24819000000000E-01 1
-1.84116000000000E-01 -9.33900000000000E-03  7.75500000000000E-02 1

 8.53150000000000E-02  1.18568000000000E-01  1.36613000000000E-01 1
 1.36198000000000E-01  1.05449000000000E-01  1.01640000000000E-01 1
 9.93200000000000E-02  1.46822000000000E-01  9.26210000000000E-02 1

 6.18030000000000E-02  1.90211000000000E-01  0.00000000000000E+00 1
 0.00000000000000E+00  2.00000000000000E-01  0.00000000000000E+00 1
 4.89090000000000E-02  1.88501000000000E-01  4.55560000000000E-02 1

 1.70940000000000E-02 -1.94173000000000E-01 -4.47750000000000E-02 1
-3.46800000000000E-03 -1.73313000000000E-01 -9.97520000000000E-02 1
 4.88390000000000E-02 -1.68511000000000E-01 -9.60140000000000E-02 1

-1.99360000000000E-02 -7.90510000000000E-02 -1.82629000000000E-01 1
-1.14140000000000E-02 -2.44600000000000E-02 -1.98170000000000E-01 1
 2.52920000000000E-02 -5.50590000000000E-02 -1.90601000000000E-01 1

 1.90826000000000E-01  3.17900000000000E-02 -5.07440000000000E-02 1
 1.91173000000000E-01 -2.61830000000000E-02 -5.26050000000000E-02 1
 1.74469000000000E-01  7.43400000000000E-03 -9.74950000000000E-02 1

-6.54660000000000E-02 -4.22680000000000E-02 -1.84194000000000E-01 1
-1.15050000000000E-01 -5.79310000000000E-02 -1.52995000000000E-01 1
-1.02348000000000E-01 -9.67900000000000E-03 -1.71555000000000E-01 1

-2.32890000000000E-02  1.76886000000000E-01  9.03810000000000E-02 1
-6.46810000000000E-02  1.42653000000000E-01  1.24364000000000E-01 1
-4.75000000000000E-03  1.46651000000000E-01  1.35907000000000E-01 1

 7.22260000000000E-02 -6.60300000000000E-02  1.74423000000000E-01 1
 1.17711000000000E-01 -8.49370000000000E-02  1.37585000000000E-01 1
 1.14116000000000E-01 -3.00450000000000E-02  1.61477000000000E-01 1

 8.74310000000000E-02  1.71592000000000E-01 -5.39630000000000E-02 1
 1.34821000000000E-01  1.38042000000000E-01 -5.26100000000000E-02 1
 1.00405000000000E-01  1.42034000000000E-01 -9.87170000000000E-02 1

 0.00000000000000E+00  2.00000000000000E-01  0.00000000000000E+00 1
 6.18030000000000E-02  1.90211000000000E-01  0.00000000000000E+00 1
 1.79540000000000E-02  1.95054000000000E-01 -4.03920000000000E-02 1

 1.66329000000000E-01 -4.55720000000000E-02 -1.01281000000000E-01 1
 1.24320000000000E-01 -5.34560000000000E-02 -1.47265000000000E-01 1
 1.47519000000000E-01 -9.85100000000000E-03 -1.34689000000000E-01 1

 1.86837000000000E-01 -3.96780000000000E-02  5.93100000000000E-02 1
 1.90615000000000E-01  2.90690000000000E-02  5.31110000000000E-02 1
 1.75582000000000E-01 -9.16000000000000E-04  9.57620000000000E-02 1

-0.00000000000000E+00 -2.00000000000000E-01  0.00000000000000E+00 1
 3.01270000000000E-02 -1.90211000000000E-01  5.39630000000000E-02 1
-3.07490000000000E-02 -1.92402000000000E-01  4.51220000000000E-02 1

 4.55750000000000E-02  1.24500000000000E-03 -1.94734000000000E-01 1
-1.14140000000000E-02 -2.44600000000000E-02 -1.98170000000000E-01 1
-5.37000000000000E-04  2.46250000000000E-02 -1.98478000000000E-01 1

-1.56267000000000E-01 -9.16000000000000E-04  1.24819000000000E-01 1
-1.32368000000000E-01 -6.34350000000000E-02  1.35848000000000E-01 1
-1.16207000000000E-01 -1.99450000000000E-02  1.61549000000000E-01 1

-3.46800000000000E-03 -1.73313000000000E-01 -9.97520000000000E-02 1
 4.28470000000000E-02 -1.42594000000000E-01 -1.33533000000000E-01 1
 4.88390000000000E-02 -1.68511000000000E-01 -9.60140000000000E-02 1

 1.61803000000000E-01 -1.17557000000000E-01  0.00000000000000E+00 1
 1.90211000000000E-01 -6.18030000000000E-02  0.00000000000000E+00 1
 1.73589000000000E-01 -9.01130000000000E-02  4.17890000000000E-02 1

-1.30749000000000E-01  1.45677000000000E-01  4.10230000000000E-02 1
-1.36281000000000E-01  1.44684000000000E-01 -2.22310000000000E-02 1
-1.63091000000000E-01  1.14054000000000E-01  1.98260000000000E-02 1

 8.74310000000000E-02 -1.71592000000000E-01  5.39630000000000E-02 1
 1.17557000000000E-01 -1.61803000000000E-01  0.00000000000000E+00 1
 1.37221000000000E-01 -1.36827000000000E-01  4.94850000000000E-02 1

-1.36281000000000E-01  1.44684000000000E-01 -2.22310000000000E-02 1
-1.74108000000000E-01  9.59770000000000E-02 -2.17890000000000E-02 1
-1.63091000000000E-01  1.14054000000000E-01  1.98260000000000E-02 1

-1.15050000000000E-01 -5.79310000000000E-02 -1.52995000000000E-01 1
-7.11850000000000E-02 -9.74110000000000E-02 -1.59511000000000E-01 1
-1.17500000000000E-01 -1.11002000000000E-01 -1.17781000000000E-01 1

 1.36398000000000E-01  1.38620000000000E-01  4.66910000000000E-02 1
 8.74310000000000E-02  1.71592000000000E-01  5.39630000000000E-02 1
 9.93200000000000E-02  1.46822000000000E-01  9.26210000000000E-02 1

-1.36281000000000E-01  1.44684000000000E-01 -2.22310000000000E-02 1
-8.73610000000000E-02  1.79558000000000E-01  1.12730000000000E-02 1
-9.00730000000000E-02  1.74065000000000E-01 -3.98530000000000E-02 1

 1.71592000000000E-01  8.74310000000000E-02 -5.39630000000000E-02 1
 1.90826000000000E-01  3.17900000000000E-02 -5.07440000000000E-02 1
 1.66808000000000E-01  5.50400000000000E-02 -9.56330000000000E-02 1

 1.91173000000000E-01 -2.61830000000000E-02 -5.26050000000000E-02 1
 1.66329000000000E-01 -4.55720000000000E-02 -1.01281000000000E-01 1
 1.74469000000000E-01  7.43400000000000E-03 -9.74950000000000E-02 1

-3.07490000000000E-02 -1.92402000000000E-01  4.51220000000000E-02 1
-1.30400000000000E-03 -1.79604000000000E-01  8.79810000000000E-02 1
-6.21270000000000E-02 -1.73312000000000E-01  7.81230000000000E-02 1

 3.01270000000000E-02 -1.90211000000000E-01  5.39630000000000E-02 1
-1.30400000000000E-03 -1.79604000000000E-01  8.79810000000000E-02 1
-3.07490000000000E-02 -1.92402000000000E-01  4.51220000000000E-02 1

-3.55270000000000E-02  1.10957000000000E-01  1.62562000000000E-01 1
 2.63710000000000E-02  1.20359000000000E-01  1.57538000000000E-01 1
-4.75000000000000E-03  1.46651000000000E-01  1.35907000000000E-01 1

 8.74310000000000E-02  1.71592000000000E-01  5.39630000000000E-02 1
 6.18030000000000E-02  1.90211000000000E-01  0.00000000000000E+00 1
 4.89090000000000E-02  1.88501000000000E-01  4.55560000000000E-02 1

 1.39291000000000E-01  9.96840000000000E-02 -1.03253000000000E-01 1
 1.71592000000000E-01  8.74310000000000E-02 -5.39630000000000E-02 1
 1.66808000000000E-01  5.50400000000000E-02 -9.56330000000000E-02 1

 4.28470000000000E-02 -1.42594000000000E-01 -1.33533000000000E-01 1
 8.70450000000000E-02 -1.02684000000000E-01 -1.47916000000000E-01 1
 8.95320000000000E-02 -1.40245000000000E-01 -1.10975000000000E-01 1

 2.63710000000000E-02  1.20359000000000E-01  1.57538000000000E-01 1
 8.53150000000000E-02  1.18568000000000E-01  1.36613000000000E-01 1
 4.92180000000000E-02  1.43449000000000E-01  1.30384000000000E-01 1

-1.62160000000000E-02  7.24750000000000E-02 -1.85700000000000E-01 1
 3.38690000000000E-02  9.68880000000000E-02 -1.71656000000000E-01 1
 3.19080000000000E-02  5.06380000000000E-02 -1.90834000000000E-01 1

-5.72170000000000E-02  2.16430000000000E-02 -1.90415000000000E-01 1
-1.62160000000000E-02  7.24750000000000E-02 -1.85700000000000E-01 1
-5.37000000000000E-04  2.46250000000000E-02 -1.98478000000000E-01 1

 8.53150000000000E-02  1.18568000000000E-01  1.36613000000000E-01 1
 9.93200000000000E-02  1.46822000000000E-01  9.26210000000000E-02 1
 4.92180000000000E-02  1.43449000000000E-01  1.30384000000000E-01 1

 3.38690000000000E-02  9.68880000000000E-02 -1.71656000000000E-01 1
 8.00310000000000E-02  5.44030000000000E-02 -1.75030000000000E-01 1
 3.19080000000000E-02  5.06380000000000E-02 -1.90834000000000E-01 1

-4.75000000000000E-03  1.46651000000000E-01  1.35907000000000E-01 1
 2.63710000000000E-02  1.20359000000000E-01  1.57538000000000E-01 1
 4.92180000000000E-02  1.43449000000000E-01  1.30384000000000E-01 1

 3.91400000000000E-02  1.99930000000000E-02  1.95111000000000E-01 1
 2.51610000000000E-02 -3.40590000000000E-02  1.95466000000000E-01 1
 7.10590000000000E-02 -1.76170000000000E-02  1.86119000000000E-01 1

-1.42005000000000E-01 -1.14820000000000E-02 -1.40366000000000E-01 1
-1.11681000000000E-01  3.87740000000000E-02 -1.61319000000000E-01 1
-1.02348000000000E-01 -9.67900000000000E-03 -1.71555000000000E-01 1

-6.46810000000000E-02  1.42653000000000E-01  1.24364000000000E-01 1
-3.55270000000000E-02  1.10957000000000E-01  1.62562000000000E-01 1
-4.75000000000000E-03  1.46651000000000E-01  1.35907000000000E-01 1

-1.79569000000000E-01  3.87240000000000E-02  7.90910000000000E-02 1
-1.97181000000000E-01 -3.01000000000000E-04  3.34580000000000E-02 1
-1.84116000000000E-01 -9.33900000000000E-03  7.75500000000000E-02 1

-1.62542000000000E-01  9.71180000000000E-02  6.44060000000000E-02 1
-1.30749000000000E-01  1.45677000000000E-01  4.10230000000000E-02 1
-1.63091000000000E-01  1.14054000000000E-01  1.98260000000000E-02 1

 3.19740000000000E-02  1.77735000000000E-01 -8.59530000000000E-02 1
-2.76350000000000E-02  1.86366000000000E-01 -6.71120000000000E-02 1
 1.79540000000000E-02  1.95054000000000E-01 -4.03920000000000E-02 1

 7.26100000000000E-02 -5.25240000000000E-02 -1.78799000000000E-01 1
 2.95310000000000E-02 -9.93260000000000E-02 -1.71062000000000E-01 1
 2.52920000000000E-02 -5.50590000000000E-02 -1.90601000000000E-01 1

 2.51610000000000E-02 -3.40590000000000E-02  1.95466000000000E-01 1
 7.22260000000000E-02 -6.60300000000000E-02  1.74423000000000E-01 1
 7.10590000000000E-02 -1.76170000000000E-02  1.86119000000000E-01 1

 7.22260000000000E-02 -6.60300000000000E-02  1.74423000000000E-01 1
 1.14116000000000E-01 -3.00450000000000E-02  1.61477000000000E-01 1
 7.10590000000000E-02 -1.76170000000000E-02  1.86119000000000E-01 1

-1.30400000000000E-03 -1.79604000000000E-01  8.79810000000000E-02 1
 3.01270000000000E-02 -1.90211000000000E-01  5.39630000000000E-02 1
 4.78720000000000E-02 -1.64272000000000E-01  1.03551000000000E-01 1

 9.49570000000000E-02  2.35660000000000E-02  1.74436000000000E-01 1
 3.91400000000000E-02  1.99930000000000E-02  1.95111000000000E-01 1
 7.10590000000000E-02 -1.76170000000000E-02  1.86119000000000E-01 1

-5.37000000000000E-04  2.46250000000000E-02 -1.98478000000000E-01 1
-1.62160000000000E-02  7.24750000000000E-02 -1.85700000000000E-01 1
 3.19080000000000E-02  5.06380000000000E-02 -1.90834000000000E-01 1

 1.66808000000000E-01  5.50400000000000E-02 -9.56330000000000E-02 1
 1.90826000000000E-01  3.17900000000000E-02 -5.07440000000000E-02 1
 1.74469000000000E-01  7.43400000000000E-03 -9.74950000000000E-02 1

-1.92993000000000E-01 -5.23270000000000E-02  3.94100000000000E-03 1
-1.74121000000000E-01 -8.70710000000000E-02  4.58320000000000E-02 1
-1.89189000000000E-01 -4.28560000000000E-02  4.86930000000000E-02 1

-8.84170000000000E-02 -1.76077000000000E-01 -3.43410000000000E-02 1
-4.38490000000000E-02 -1.87064000000000E-01 -5.55350000000000E-02 1
-4.76370000000000E-02 -1.94237000000000E-01 -1.57700000000000E-03 1

 4.28470000000000E-02 -1.42594000000000E-01 -1.33533000000000E-01 1
 8.95320000000000E-02 -1.40245000000000E-01 -1.10975000000000E-01 1
 4.88390000000000E-02 -1.68511000000000E-01 -9.60140000000000E-02 1

-1.97181000000000E-01 -3.01000000000000E-04  3.34580000000000E-02 1
-1.92993000000000E-01 -5.23270000000000E-02  3.94100000000000E-03 1
-1.89189000000000E-01 -4.28560000000000E-02  4.86930000000000E-02 1

 8.68360000000000E-02 -1.68718000000000E-01 -6.31940000000000E-02 1
 1.70940000000000E-02 -1.94173000000000E-01 -4.47750000000000E-02 1
 4.88390000000000E-02 -1.68511000000000E-01 -9.60140000000000E-02 1

 1.66329000000000E-01 -4.55720000000000E-02 -1.01281000000000E-01 1
 1.47519000000000E-01 -9.85100000000000E-03 -1.34689000000000E-01 1
 1.74469000000000E-01  7.43400000000000E-03 -9.74950000000000E-02 1

-1.74121000000000E-01 -8.70710000000000E-02  4.58320000000000E-02 1
-1.69762000000000E-01 -5.25390000000000E-02  9.17630000000000E-02 1
-1.89189000000000E-01 -4.28560000000000E-02  4.86930000000000E-02 1

 4.55750000000000E-02  1.24500000000000E-03 -1.94734000000000E-01 1
-5.37000000000000E-04  2.46250000000000E-02 -1.98478000000000E-01 1
 3.19080000000000E-02  5.06380000000000E-02 -1.90834000000000E-01 1

 0.00000000000000E+00  2.00000000000000E-01  0.00000000000000E+00 1
 1.79540000000000E-02  1.95054000000000E-01 -4.03920000000000E-02 1
-3.67050000000000E-02  1.95382000000000E-01 -2.18780000000000E-02 1

 1.79540000000000E-02  1.95054000000000E-01 -4.03920000000000E-02 1
-2.76350000000000E-02  1.86366000000000E-01 -6.71120000000000E-02 1
-3.67050000000000E-02  1.95382000000000E-01 -2.18780000000000E-02 1

-1.84116000000000E-01 -9.33900000000000E-03  7.75500000000000E-02 1
-1.97181000000000E-01 -3.01000000000000E-04  3.34580000000000E-02 1
-1.89189000000000E-01 -4.28560000000000E-02  4.86930000000000E-02 1

-1.69762000000000E-01 -5.25390000000000E-02  9.17630000000000E-02 1
-1.84116000000000E-01 -9.33900000000000E-03  7.75500000000000E-02 1
-1.89189000000000E-01 -4.28560000000000E-02  4.86930000000000E-02 1

-0.00000000000000E+00 -2.00000000000000E-01  0.00000000000000E+00 1
-3.07490000000000E-02 -1.92402000000000E-01  4.51220000000000E-02 1
-4.76370000000000E-02 -1.94237000000000E-01 -1.57700000000000E-03 1

