-3.14159265358979E+00  4.88432152312444E+01  7.23393352356304E-05
-3.13530946828261E+00  4.87980246716084E+01  8.40726986873262E-05
-3.12902628297543E+00  4.86956529457216E+01  9.83951403802215E-05
-3.12274309766825E+00  4.85365007523381E+01  1.15279175493491E-04
-3.11645991236107E+00  4.83211441763764E+01  1.34668184055265E-04
-3.11017672705390E+00  4.80504483055151E+01  1.56499628422970E-04
-3.10389354174672E+00  4.77254463502180E+01  1.80701459518319E-04
-3.09761035643954E+00  4.73473833656782E+01  2.07140368406983E-04
-3.09132717113236E+00  4.69176961513984E+01  2.35718150968588E-04
-3.08504398582518E+00  4.64380112304744E+01  2.66305833508557E-04
-3.07876080051800E+00  4.59101325713094E+01  2.98747188617564E-04
-3.07247761521082E+00  4.53360187349435E+01  3.32909916630726E-04
-3.06619442990364E+00  4.47178190482423E+01  3.68655154487189E-04
-3.05991124459646E+00  4.40577776375687E+01  4.05734613780246E-04
-3.05362805928928E+00  4.33582495608098E+01  4.43991516481451E-04
-3.04734487398210E+00  4.26217496114559E+01  4.83287311193927E-04
-3.04106168867492E+00  4.18508542662423E+01  5.23258563275687E-04
-3.03477850336774E+00  4.10482558034406E+01  5.63826730406090E-04
-3.02849531806056E+00  4.02166458831979E+01  6.04739386039267E-04
-3.02221213275338E+00  3.93587947893432E+01  6.45802360182381E-04
-3.01592894744620E+00  3.84775431397809E+01  6.86736888620364E-04
-3.00964576213902E+00  3.75756838783094E+01  7.27345313880100E-04
-3.00336257683184E+00  3.66560385808292E+01  7.67404638623899E-04
-2.99707939152466E+00  3.57213910503876E+01  8.06643592271962E-04
-2.99079620621748E+00  3.47745278424363E+01  8.44953291808118E-04
-2.98451302091030E+00  3.38181747411161E+01  8.82059691665495E-04
-2.97822983560312E+00  3.28549655083573E+01  9.17764485743504E-04
-2.97194665029594E+00  3.18875080381336E+01  9.51936097834240E-04
-2.96566346498876E+00  3.09183009424352E+01  9.84239924876800E-04
-2.95938027968158E+00  2.99497773916244E+01  1.01465877300834E-03
-2.95309709437441E+00  2.89842067594696E+01  1.04288384461654E-03
-2.94681390906723E+00  2.80236922292547E+01  1.06889211450333E-03
-2.94053072376005E+00  2.70703854680121E+01  1.09247106235705E-03
-2.93424753845287E+00  2.61262236181107E+01  1.11351079624284E-03
-2.92796435314569E+00  2.51929329785307E+01  1.13195145103112E-03
-2.92168116783851E+00  2.42721884585119E+01  1.14771985203131E-03
-2.91539798253133E+00  2.33655154366612E+01  1.16073983956259E-03
-2.90911479722415E+00  2.24742658955221E+01  1.17108532534865E-03
-2.90283161191697E+00  2.15996479653754E+01  1.17849364690208E-03
-2.89654842660979E+00  2.07427500100033E+01  1.18307725304255E-03
-2.89026524130261E+00  1.99044643976694E+01  1.18480950558077E-03
-2.88398205599543E+00  1.90855934792805E+01  1.18381257716553E-03
-2.87769887068825E+00  1.82867869422434E+01  1.18009909413697E-03
-2.87141568538107E+00  1.75085747717240E+01  1.17372663347646E-03
-2.86513250007389E+00  1.67513168456482E+01  1.16479477511001E-03
-2.85884931476671E+00  1.60152668883202E+01  1.15341379908759E-03
-2.85256612945953E+00  1.53005973174029E+01  1.13971029148620E-03
-2.84628294415235E+00  1.46073557145735E+01  1.12381704177317E-03
-2.83999975884517E+00  1.39354754035859E+01  1.10589158873617E-03
-2.83371657353799E+00  1.32847813524533E+01  1.08610220051285E-03
-2.82743338823081E+00  1.26550770099020E+01  1.06462524934944E-03
-2.82115020292363E+00  1.20460606099951E+01  1.04167165875796E-03
-2.81486701761645E+00  1.14573679722775E+01  1.01740031965025E-03
-2.80858383230927E+00  1.08885771927067E+01  9.91940772227413E-04
-2.80230064700210E+00  1.03392452346633E+01  9.65693749004973E-04
-2.79601746169492E+00  9.80887391686571E+00  9.38865812224163E-04
-2.78973427638774E+00  9.29693305002885E+00  9.11456113828350E-04
-2.78345109108056E+00  8.80289567296661E+00  8.83441380857368E-04
-2.77716790577338E+00  8.32621563147769E+00  8.55850403143571E-04
-2.77088472046620E+00  7.86634433813243E+00  8.28288770195770E-04
-2.76460153515902E+00  7.42275416796881E+00  8.01081454470482E-04
-2.75831834985184E+00  6.99490636462381E+00  7.74413332823245E-04
-2.75203516454466E+00  6.58228981080848E+00  7.48382290907164E-04
-2.74575197923748E+00  6.18442870123210E+00  7.23357270106846E-04
-2.73946879393030E+00  5.80087848399853E+00  6.99271538014546E-04
-2.73318560862312E+00  5.43120740520507E+00  6.76520754213198E-04
-2.72690242331594E+00  5.07504008061989E+00  6.55116255449552E-04
-2.72061923800876E+00  4.73201440895910E+00  6.35310347732540E-04
-2.71433605270158E+00  4.40185130076591E+00  6.16982642285275E-04
-2.70805286739440E+00  4.08426332219059E+00  6.00260090161760E-04
-2.70176968208722E+00  3.77902617779236E+00  5.85264647483719E-04
-2.69548649678004E+00  3.48597224961385E+00  5.72034171984899E-04
-2.68920331147286E+00  3.20494581268038E+00  5.60656288311000E-04
-2.68292012616568E+00  2.93583580364770E+00  5.51074026131856E-04
-2.67663694085850E+00  2.67857745586381E+00  5.43308165590544E-04
-2.67035375555132E+00  2.43312673754577E+00  5.37332394977823E-04
-2.66407057024414E+00  2.19946887564682E+00  5.33231828946804E-04
-2.65778738493696E+00  1.97761698661260E+00  5.30792379238785E-04
-2.65150419962979E+00  1.76759837159677E+00  5.30085897174726E-04
-2.64522101432261E+00  1.56946299299785E+00  5.30945601617761E-04
-2.63893782901543E+00  1.38325693944440E+00  5.33288241312333E-04
-2.63265464370825E+00  1.20905026531649E+00  5.37049201281361E-04
-2.62637145840107E+00  1.04690081225040E+00  5.42105044916385E-04
-2.62008827309389E+00  8.96865090784024E-01  5.48323737229346E-04
-2.61380508778671E+00  7.58988463524758E-01  5.55585080159285E-04
-2.60752190247953E+00  6.33300524791184E-01  5.63693685552389E-04
-2.60123871717235E+00  5.19812962756894E-01  5.72617112455389E-04
-2.59495553186517E+00  4.18507019194157E-01  5.82245825884414E-04
-2.58867234655799E+00  3.29354557764595E-01  5.92276104082056E-04
-2.58238916125081E+00  2.52264989789578E-01  6.02572634481435E-04
-2.57610597594363E+00  1.87132654022882E-01  6.13140658557723E-04
-2.56982279063645E+00  1.33807752141321E-01  6.23790333967956E-04
-2.56353960532927E+00  9.20977019904852E-02  6.34280962513036E-04
-2.55725642002209E+00  6.17657167729579E-02  6.44547323339141E-04
-2.55097323471491E+00  4.25327418256679E-02  6.54462321303803E-04
-2.54469004940773E+00  3.40710723935891E-02  6.63918007951152E-04
-2.53840686410055E+00  3.60054318424165E-02  6.72788197997124E-04
-2.53212367879337E+00  4.79161977938151E-02  6.80972745189251E-04
-2.52584049348619E+00  6.93371205707503E-02  6.88370989071234E-04
-2.51955730817901E+00  9.97571981188054E-02  6.94944969009692E-04
-2.51327412287183E+00  1.38622709545216E-01  7.00705798276487E-04
-2.50699093756465E+00  1.85339055256546E-01  7.05376638837917E-04
-2.50070775225748E+00  2.39276886408819E-01  7.08969067656839E-04
-2.49442456695030E+00  2.99768725108261E-01  7.11549078554325E-04
-2.48814138164312E+00  3.66120572447062E-01  7.13282777290786E-04
-2.48185819633594E+00  4.37606719540241E-01  7.13634532118585E-04
-2.47557501102876E+00  5.13490920336366E-01  7.13034767192948E-04
-2.46929182572158E+00  5.92999691078755E-01  7.11251134651977E-04
-2.46300864041440E+00  6.75371939801620E-01  7.08560970470808E-04
-2.45672545510722E+00  7.59825703079379E-01  7.04728825946108E-04
-2.45044226980004E+00  8.45580696661186E-01  6.99977993327779E-04
-2.44415908449286E+00  9.31854528668704E-01  6.94308626971337E-04
-2.43787589918568E+00  1.01788984878368E+00  6.87777670438009E-04
-2.43159271387850E+00  1.10294013320861E+00  6.80427734682534E-04
-2.42530952857132E+00  1.18626064419344E+00  6.72337251794652E-04
-2.41902634326414E+00  1.26715004625931E+00  6.63409429016357E-04
-2.41274315795696E+00  1.34493361673541E+00  6.53988172074047E-04
-2.40645997264978E+00  1.41897646234722E+00  6.44135857726945E-04
-2.40017678734260E+00  1.48867977188726E+00  6.33849670027048E-04
-2.39389360203542E+00  1.55349033606697E+00  6.23247313997229E-04
-2.38761041672824E+00  1.61289841973498E+00  6.12328808482284E-04
-2.38132723142106E+00  1.66646076965716E+00  6.01284854721046E-04
-2.37504404611388E+00  1.71377353414254E+00  5.90076683172034E-04
-2.36876086080670E+00  1.75449424550989E+00  5.78819819338290E-04
-2.36247767549952E+00  1.78834803624469E+00  5.67591779843321E-04
-2.35619449019234E+00  1.81510359638199E+00  5.56449137343067E-04
-2.34991130488517E+00  1.83460605710897E+00  5.45502260800955E-04
-2.34362811957799E+00  1.84677125066285E+00  5.34737741074593E-04
-2.33734493427081E+00  1.85154876870745E+00  5.24156100629995E-04
-2.33106174896363E+00  1.84897359298020E+00  5.13922401339797E-04
-2.32477856365645E+00  1.83913494468191E+00  5.04027130227288E-04
-2.31849537834927E+00  1.82218744899721E+00  4.94493155314247E-04
-2.31221219304209E+00  1.79832476167479E+00  4.85343478359195E-04
-2.30592900773491E+00  1.76781052180980E+00  4.76594458387027E-04
-2.29964582242773E+00  1.73096591625678E+00  4.68255022935544E-04
-2.29336263712055E+00  1.68814623346796E+00  4.60296821411926E-04
-2.28707945181337E+00  1.63975570168984E+00  4.52793096847030E-04
-2.28079626650619E+00  1.58624339879021E+00  4.45699252980368E-04
-2.27451308119901E+00  1.52809558296633E+00  4.39032794834877E-04
-2.26822989589183E+00  1.46582407818982E+00  4.32503877764489E-04
-2.26194671058465E+00  1.39997586925469E+00  4.26845205675607E-04
-2.25566352527747E+00  1.33110657381293E+00  4.21264805240171E-04
-2.24938033997029E+00  1.25980110292534E+00  4.15926799676084E-04
-2.24309715466311E+00  1.18664451617975E+00  4.10964712090778E-04
-2.23681396935593E+00  1.11224721077108E+00  4.06281034435226E-04
-2.23053078404875E+00  1.03720606574087E+00  4.01873220892263E-04
-2.22424759874157E+00  9.62117617845734E-01  3.97652267178060E-04
-2.21796441343439E+00  8.87570838836315E-01  3.93635540293722E-04
-2.21168122812721E+00  8.14138975606417E-01  3.89799296524239E-04
-2.20539804282003E+00  7.42377973523113E-01  3.86172600765368E-04
-2.19911485751286E+00  6.72821136953893E-01  3.82617112992813E-04
-2.19283167220568E+00  6.05981061632320E-01  3.79209438419823E-04
-2.18654848689850E+00  5.42331418117615E-01  3.75931709775882E-04
-2.18026530159132E+00  4.82312131713532E-01  3.72780792240045E-04
-2.17398211628414E+00  4.26331720435719E-01  3.69752575343746E-04
-2.16769893097696E+00  3.74753601557023E-01  3.66853027270710E-04
-2.16141574566978E+00  3.27900084712760E-01  3.64085041923334E-04
-2.15513256036260E+00  2.86048786705351E-01  3.61521075439469E-04
-2.14884937505542E+00  2.49433363934082E-01  3.59090686584029E-04
-2.14256618974824E+00  2.18236961258319E-01  3.56842976190658E-04
-2.13628300444106E+00  1.92595012245635E-01  3.54848070487665E-04
-2.12999981913388E+00  1.72597612490953E-01  3.53153856486515E-04
-2.12371663382670E+00  1.58283239814578E-01  3.51756103384786E-04
-2.11743344851952E+00  1.49644434478347E-01  3.50691688479900E-04
-2.11115026321234E+00  1.46626757551143E-01  3.50028327751827E-04
-2.10486707790516E+00  1.49129854794871E-01  3.49816811205978E-04
-2.09858389259798E+00  1.57010084768348E-01  3.50113295910274E-04
-2.09230070729080E+00  1.70081419327258E-01  3.50947753504427E-04
-2.08601752198362E+00  1.88118275446180E-01  3.52421203717270E-04
-2.07973433667644E+00  2.10861143313893E-01  3.54566883783863E-04
-2.07345115136926E+00  2.38012419969111E-01  3.57444167481586E-04
-2.06716796606208E+00  2.69245673720477E-01  3.61095430440997E-04
-2.06088478075490E+00  3.04206798933853E-01  3.65606334957749E-04
-2.05460159544772E+00  3.42518803876461E-01  3.70994611422998E-04
-2.04831841014054E+00  3.83783227481989E-01  3.77341353455917E-04
-2.04203522483337E+00  4.27586610972129E-01  3.84696405019655E-04
-2.03575203952619E+00  4.73500306993065E-01  3.93120817687572E-04
-2.02946885421901E+00  5.21084655252999E-01  4.02553389713486E-04
-2.02318566891183E+00  5.69900872763473E-01  4.13083787573087E-04
-2.01690248360465E+00  6.19505343860361E-01  4.24732862153074E-04
-2.01061929829747E+00  6.69461208891932E-01  4.37522533162839E-04
-2.00433611299029E+00  7.19335321435478E-01  4.51460877347028E-04
-1.99805292768311E+00  7.68693846777136E-01  4.66586819497759E-04
-1.99176974237593E+00  8.17131702322863E-01  4.82827015746790E-04
-1.98548655706875E+00  8.64256952134157E-01  5.00195862903595E-04
-1.97920337176157E+00  9.09687599459825E-01  5.18610807401848E-04
-1.97292018645439E+00  9.53073636859444E-01  5.38164698664608E-04
-1.96663700114721E+00  9.94083347952337E-01  5.58765720472298E-04
-1.96035381584003E+00  1.03241387345340E+00  5.80446997294119E-04
-1.95407063053285E+00  1.06779119064480E+00  6.03001545735061E-04
-1.94778744522567E+00  1.09997563428417E+00  6.26377687750359E-04
-1.94150425991849E+00  1.12874738454034E+00  6.50531831870566E-04
-1.93522107461131E+00  1.15393093684957E+00  6.75404907978507E-04
-1.92893788930413E+00  1.17538434468397E+00  7.00893865175071E-04
-1.92265470399695E+00  1.19299168663448E+00  7.26892838910278E-04
-1.91637151868977E+00  1.20667425680266E+00  7.53310813365391E-04
-1.91008833338259E+00  1.21639306472183E+00  7.80066882925858E-04
-1.90380514807541E+00  1.22213611924584E+00  8.07064047269070E-04
-1.89752196276823E+00  1.22393152282950E+00  8.34006041378731E-04
-1.89123877746106E+00  1.22182534708723E+00  8.60884085121162E-04
-1.88495559215388E+00  1.21592713001684E+00  8.87675879212973E-04
-1.87867240684670E+00  1.20633984146773E+00  9.14035849023984E-04
-1.87238922153952E+00  1.19322527693517E+00  9.39967327962017E-04
-1.86610603623234E+00  1.17673859321351E+00  9.65445443710509E-04
-1.85982285092516E+00  1.15708196687366E+00  9.90141548108259E-04
-1.85353966561798E+00  1.13447947816607E+00  1.01413799104845E-03
-1.84725648031080E+00  1.10916913578276E+00  1.03684295174693E-03
-1.84097329500362E+00  1.08140878014495E+00  1.05862044620072E-03
-1.83469010969644E+00  1.05146827550956E+00  1.07922874441587E-03
-1.82840692438926E+00  1.01963333441620E+00  1.09849689945523E-03
-1.82212373908208E+00  9.86200429072199E-01  1.11631539146846E-03
-1.81584055377490E+00  9.51476741951532E-01  1.13266660345717E-03
-1.80955736846772E+00  9.15756067716379E-01  1.14731185813316E-03
-1.80327418316054E+00  8.79356512327184E-01  1.16005415504660E-03
-1.79699099785336E+00  8.42591418500527E-01  1.17112608041394E-03
-1.79070781254618E+00  8.05758697816676E-01  1.18028070942622E-03
-1.78442462723900E+00  7.69163300123566E-01  1.18752875782760E-03
-1.77814144193182E+00  7.33094639152385E-01  1.19265740185947E-03
-1.77185825662464E+00  6.97838040870588E-01  1.19579185055947E-03
-1.76557507131746E+00  6.63663395598553E-01  1.19676029123850E-03
-1.75929188601028E+00  6.30829397414610E-01  1.19553873672624E-03
-1.75300870070310E+00  5.99574637403352E-01  1.19226196796715E-03
-1.74672551539592E+00  5.70128124099581E-01  1.18683795365080E-03
-1.74044233008875E+00  5.42698271609309E-01  1.17927560440582E-03
-1.73415914478157E+00  5.17461325825082E-01  1.16957321497505E-03
-1.72787595947439E+00  4.94589782913451E-01  1.15781041750609E-03
-1.72159277416721E+00  4.74218489380417E-01  1.14400464249295E-03
-1.71530958886003E+00  4.56477029003313E-01  1.12813983834465E-03
-1.70902640355285E+00  4.41457868680762E-01  1.11048480729506E-03
-1.70274321824567E+00  4.29236854021552E-01  1.09087907820514E-03
-1.69646003293849E+00  4.19863409942951E-01  1.06952119417162E-03
-1.69017684763131E+00  4.13367977953874E-01  1.04648607279403E-03
-1.68389366232413E+00  4.09754472349936E-01  1.02189578359804E-03
-1.67761047701695E+00  4.09005249871801E-01  9.95796718195392E-04
-1.67132729170977E+00  4.11080602161746E-01  9.68507390743848E-04
-1.66504410640259E+00  4.15919284900075E-01  9.39925019098561E-04
-1.65876092109541E+00  4.23443991400507E-01  9.10145910957752E-04
-1.65247773578823E+00  4.33551835979398E-01  8.79415262998824E-04
-1.64619455048105E+00  4.46124090689548E-01  8.47847874296378E-04
-1.63991136517387E+00  4.61030828148969E-01  8.15620479833295E-04
-1.63362817986669E+00  4.78121502909471E-01  7.82808496043128E-04
-1.62734499455951E+00  4.97234408509422E-01  7.49547153313023E-04
-1.62106180925233E+00  5.18189579544018E-01  7.16109557549723E-04
-1.61477862394515E+00  5.40803443104278E-01  6.82652365720372E-04
-1.60849543863797E+00  5.64881920233588E-01  6.49122399721254E-04
-1.60221225333079E+00  5.90223718755412E-01  6.15786702640940E-04
-1.59592906802361E+00  6.16621055233357E-01  5.82809953419826E-04
-1.58964588271644E+00  6.43861027358561E-01  5.50339454900165E-04
-1.58336269740926E+00  6.71733230053824E-01  5.18481190777865E-04
-1.57707951210208E+00  7.00020414001673E-01  4.87372545064625E-04
-1.57079632679490E+00  7.28517212507803E-01  4.57126497488605E-04
-1.56451314148772E+00  7.57010128333773E-01  4.27886371004398E-04
-1.55822995618054E+00  7.85293995998911E-01  3.99731582857111E-04
-1.55194677087336E+00  8.13170576747749E-01  3.72784128268886E-04
-1.54566358556618E+00  8.40445045693527E-01  3.47159743170983E-04
-1.53938040025900E+00  8.66932134732003E-01  3.22931372738384E-04
-1.53309721495182E+00  8.92459535308710E-01  3.00197447488834E-04
-1.52681402964464E+00  9.16864205579723E-01  2.78988601948069E-04
-1.52053084433746E+00  9.39994983633663E-01  2.59414716145444E-04
-1.51424765903028E+00  9.61706872300981E-01  2.41503416387368E-04
-1.50796447372310E+00  9.81872891408982E-01  2.25288218534880E-04
-1.50168128841592E+00  1.00038698622796E+00  2.10813454869823E-04
-1.49539810310874E+00  1.01713244045918E+00  1.98099071391855E-04
-1.48911491780156E+00  1.03205198660280E+00  1.87156657708144E-04
-1.48283173249438E+00  1.04507194530869E+00  1.78017167683001E-04
-1.47654854718720E+00  1.05612733806416E+00  1.70631029604477E-04
-1.47026536188002E+00  1.06519049234978E+00  1.64966565873112E-04
-1.46398217657284E+00  1.07222365835431E+00  1.61031825968258E-04
-1.45769899126566E+00  1.07722821250609E+00  1.58774115462164E-04
-1.45141580595848E+00  1.08021028776024E+00  1.58211181511893E-04
-1.44513262065130E+00  1.08119018440266E+00  1.59178196606044E-04
-1.43884943534413E+00  1.08020826211634E+00  1.61683721216201E-04
-1.43256625003695E+00  1.07730114687409E+00  1.65654758186202E-04
-1.42628306472977E+00  1.07254291989473E+00  1.70997472277701E-04
-1.41999987942259E+00  1.06599703957994E+00  1.77679523207653E-04
-1.41371669411541E+00  1.05774750198539E+00  1.85592862070373E-04
-1.40743350880823E+00  1.04789700516865E+00  1.94645363617276E-04
-1.40115032350105E+00  1.03653736063284E+00  2.04761044890830E-04
-1.39486713819387E+00  1.02378503952357E+00  2.15791546145909E-04
-1.38858395288669E+00  1.00976276892534E+00  2.27725820377519E-04
-1.38230076757951E+00  9.94590240176156E-01  2.40411909058172E-04
-1.37601758227233E+00  9.78390174901713E-01  2.53806947949077E-04
-1.36973439696515E+00  9.61318484032756E-01  2.67716105460518E-04
-1.36345121165797E+00  9.43501756606978E-01  2.82128195706475E-04
-1.35716802635079E+00  9.25083763248409E-01  2.96916670906900E-04
-1.35088484104361E+00  9.06198662284559E-01  3.12017761921511E-04
-1.34460165573643E+00  8.87000115338320E-01  3.27278919692518E-04
-1.33831847042925E+00  8.67620023029014E-01  3.42641818928379E-04
-1.33203528512207E+00  8.48200534187379E-01  3.58014567567312E-04
-1.32575209981489E+00  8.28880575048358E-01  3.73318953768995E-04
-1.31946891450771E+00  8.09785138096370E-01  3.88430357276146E-04
-1.31318572920053E+00  7.91050363342940E-01  4.03475521664604E-04
-1.30690254389335E+00  7.72798275181531E-01  4.18126845957048E-04
-1.30061935858617E+00  7.55143677000752E-01  4.32427640855933E-04
-1.29433617327899E+00  7.38198432091089E-01  4.46320642180133E-04
-1.28805298797181E+00  7.22068970656793E-01  4.59761509683927E-04
-1.28176980266464E+00  7.06849632636358E-01  4.72658077564828E-04
-1.27548661735746E+00  6.92629911016855E-01  4.85049197269534E-04
-1.26920343205028E+00  6.79485364169594E-01  4.96755226120318E-04
-1.26292024674310E+00  6.67492345562052E-01  5.07962420329921E-04
-1.25663706143592E+00  6.56707128261445E-01  5.18522681664443E-04
-1.25035387612874E+00  6.47187708077183E-01  5.28319981448659E-04
-1.24407069082156E+00  6.38969620953878E-01  5.37558308554467E-04
-1.23778750551438E+00  6.32090553696993E-01  5.46128610905644E-04
-1.23150432020720E+00  6.26572149783606E-01  5.54024685719217E-04
-1.22522113490002E+00  6.22430346351921E-01  5.61248611473630E-04
-1.21893794959284E+00  6.19669708974505E-01  5.67805331696772E-04
-1.21265476428566E+00  6.18285102680687E-01  5.73700484083764E-04
-1.20637157897848E+00  6.18266689470939E-01  5.78932721718706E-04
-1.20008839367130E+00  6.19592746284109E-01  5.83541685838305E-04
-1.19380520836412E+00  6.22232591367215E-01  5.87543543748241E-04
-1.18752202305694E+00  6.26151805265933E-01  5.90947659905073E-04
-1.18123883774976E+00  6.31300751409993E-01  5.93783850630510E-04
-1.17495565244258E+00  6.37632563260963E-01  5.96053560772835E-04
-1.16867246713540E+00  6.45088322716004E-01  5.97774985266632E-04
-1.16238928182822E+00  6.53604319727937E-01  5.98997327646853E-04
-1.15610609652104E+00  6.63112088905972E-01  5.99728287887394E-04
-1.14982291121386E+00  6.73538059923761E-01  5.99968229378917E-04
-1.14353972590668E+00  6.84803572904648E-01  5.99797049752722E-04
-1.13725654059950E+00  6.96830264575175E-01  5.99187979252113E-04
-1.13097335529233E+00  7.09533371092535E-01  5.98016191606425E-04
-1.12469016998515E+00  7.22822125311875E-01  5.96463373959824E-04
-1.11840698467797E+00  7.36612699019474E-01  5.94609600454299E-04
-1.11212379937079E+00  7.50815180867648E-01  5.92442127513458E-04
-1.10584061406361E+00  7.65340690105920E-01  5.89929847074708E-04
-1.09955742875643E+00  7.80096001063404E-01  5.87033369696167E-04
-1.09327424344925E+00  7.94994325479535E-01  5.83843425953698E-04
-1.08699105814207E+00  8.09942610889622E-01  5.80426956447928E-04
-1.08070787283489E+00  8.24857434382223E-01  5.76635452984686E-04
-1.07442468752771E+00  8.39656013275137E-01  5.72470396702388E-04
-1.06814150222053E+00  8.54252997453741E-01  5.67987603572545E-04
-1.06185831691335E+00  8.68571239979037E-01  5.63186311209140E-04
-1.05557513160617E+00  8.82534376970655E-01  5.58070647096639E-04
-1.04929194629899E+00  8.96067198123752E-01  5.52638938259652E-04
-1.04300876099181E+00  9.09104164823685E-01  5.46769278507041E-04
-1.03672557568463E+00  9.21582528244146E-01  5.40764961795783E-04
-1.03044239037745E+00  9.33442609481428E-01  5.34302921299383E-04
-1.02415920507027E+00  9.44626634443776E-01  5.27559757139933E-04
-1.01787601976309E+00  9.55087051810504E-01  5.20519134324001E-04
-1.01159283445591E+00  9.64777850401705E-01  5.13100942832320E-04
-1.00530964914873E+00  9.73664668270077E-01  5.05356886922795E-04
-9.99026463841554E-01  9.81709304701253E-01  4.97263052385835E-04
-9.92743278534375E-01  9.88885355414496E-01  4.88815981836061E-04
-9.86460093227195E-01  9.95167080224274E-01  4.80092728466277E-04
-9.80176907920015E-01  1.00054216381649E+00  4.71033116357183E-04
-9.73893722612836E-01  1.00498902965077E+00  4.61634573289843E-04
-9.67610537305656E-01  1.00850934996138E+00  4.51914793770268E-04
-9.61327351998476E-01  1.01110140218920E+00  4.41896310164118E-04
-9.55044166691297E-01  1.01276336999463E+00  4.31596019132841E-04
-9.48760981384118E-01  1.01350747262939E+00  4.21031722659580E-04
-9.42477796076938E-01  1.01334605852523E+00  4.10223544019668E-04
-9.36194610769758E-01  1.01229398442083E+00  3.99194732020434E-04
-9.29911425462579E-01  1.01037731351322E+00  3.87928885795620E-04
-9.23628240155399E-01  1.00761930580748E+00  3.76566659000761E-04
-9.17345054848219E-01  1.00404668059549E+00  3.65020788177211E-04
-9.11061869541040E-01  9.99699022396327E-01  3.53480119098228E-04
-9.04778684233860E-01  9.94612280445234E-01  3.41808469446794E-04
-8.98495498926681E-01  9.88820410490075E-01  3.30086988679065E-04
-8.92212313619501E-01  9.82375024324053E-01  3.18375635242450E-04
-8.85929128312322E-01  9.75310552689238E-01  3.06714022750077E-04
-8.79645943005142E-01  9.67676237386830E-01  2.95153514696635E-04
-8.73362757697962E-01  9.59526420296567E-01  2.83765967331195E-04
-8.67079572390783E-01  9.50907901799068E-01  2.72564553726539E-04
-8.60796387083603E-01  9.41874199952212E-01  2.61601967387363E-04
-8.54513201776423E-01  9.32478199398383E-01  2.50873062312922E-04
-8.48230016469244E-01  9.22773880303404E-01  2.40441184415789E-04
-8.41946831162065E-01  9.12809517347197E-01  2.30485647727740E-04
-8.35663645854885E-01  9.02645788628406E-01  2.20860945796318E-04
-8.29380460547705E-01  8.92330880424518E-01  2.11697633443338E-04
-8.23097275240526E-01  8.81919500915772E-01  2.02995857013421E-04
-8.16814089933346E-01  8.71460634603273E-01  1.94889376189599E-04
-8.10530904626166E-01  8.61015947090623E-01  1.87350742342011E-04
-8.04247719318987E-01  8.50633074606893E-01  1.80423381585498E-04
-7.97964534011807E-01  8.40355381558736E-01  1.74150217025232E-04
-7.91681348704628E-01  8.30231236647836E-01  1.68558241533054E-04
-7.85398163397448E-01  8.20309859794769E-01  1.63677744409635E-04
-7.79114978090269E-01  8.10634059612050E-01  1.59546189039899E-04
-7.72831792783089E-01  8.01246232467716E-01  1.56149991133031E-04
-7.66548607475909E-01  7.92180032568968E-01  1.53528441843624E-04
-7.60265422168730E-01  7.83477712240019E-01  1.51687924950117E-04
-7.53982236861550E-01  7.75169649002041E-01  1.50646607907968E-04
-7.47699051554370E-01  7.67293370070183E-01  1.50400087641631E-04
-7.41415866247191E-01  7.59876997963028E-01  1.50912076938843E-04
-7.35132680940012E-01  7.52943406056530E-01  1.52270615016269E-04
-7.28849495632832E-01  7.46516964558541E-01  1.54419200484740E-04
-7.22566310325652E-01  7.40620623220163E-01  1.57302281290986E-04
-7.16283125018473E-01  7.35271901256611E-01  1.60993111682899E-04
-7.09999939711293E-01  7.30482978031441E-01  1.65427402616768E-04
-7.03716754404113E-01  7.26264313282175E-01  1.70517530191315E-04
-6.97433569096934E-01  7.22623647406978E-01  1.76361602579293E-04
-6.91150383789754E-01  7.19575725884098E-01  1.82865753781052E-04
-6.84867198482575E-01  7.17114828353153E-01  1.89994865422989E-04
-6.78584013175395E-01  7.15244936676745E-01  1.97710436322884E-04
-6.72300827868216E-01  7.13963974606109E-01  2.05976795946379E-04
-6.66017642561036E-01  7.13267946214738E-01  2.14737169846894E-04
-6.59734457253856E-01  7.13142500833289E-01  2.23950408256957E-04
-6.53451271946677E-01  7.13582712499547E-01  2.33538645896519E-04
-6.47168086639497E-01  7.14572953594214E-01  2.43488159570176E-04
-6.40884901332317E-01  7.16099453557498E-01  2.53747305874672E-04
-6.34601716025138E-01  7.18145434044755E-01  2.64262979115041E-04
-6.28318530717959E-01  7.20692180224856E-01  2.74951682058124E-04
-6.22035345410779E-01  7.23714148900856E-01  2.85772248279274E-04
-6.15752160103599E-01  7.27188852313803E-01  2.96835762471488E-04
-6.09468974796420E-01  7.31091508851740E-01  3.07739254164438E-04
-6.03185789489240E-01  7.35395283267385E-01  3.18594789556620E-04
-5.96902604182060E-01  7.40075221234957E-01  3.29346104072198E-04
-5.90619418874881E-01  7.45104509810935E-01  3.39933965369081E-04
-5.84336233567701E-01  7.50443368428415E-01  3.50256636102977E-04
-5.78053048260522E-01  7.56065037783041E-01  3.60393736210796E-04
-5.71769862953342E-01  7.61939046738210E-01  3.70172207794120E-04
-5.65486677646163E-01  7.68029707275362E-01  3.79655758556528E-04
-5.59203492338983E-01  7.74304815435205E-01  3.88641534907685E-04
-5.52920307031803E-01  7.80729544663466E-01  3.97119893280046E-04
-5.46637121724624E-01  7.87269024147626E-01  4.05104624763035E-04
-5.40353936417444E-01  7.93890858900246E-01  4.12500787426636E-04
-5.34070751110264E-01  8.00560424891231E-01  4.19294151612673E-04
-5.27787565803085E-01  8.07243301850016E-01  4.25474453313842E-04
-5.21504380495906E-01  8.13907666671679E-01  4.30989013627277E-04
-5.15221195188726E-01  8.20520433379980E-01  4.35784570738056E-04
-5.08938009881546E-01  8.27051870690702E-01  4.39850295394340E-04
-5.02654824574367E-01  8.33465829413269E-01  4.43166285956662E-04
-4.96371639267187E-01  8.39731257428505E-01  4.45722508174122E-04
-4.90088453960007E-01  8.45826728155337E-01  4.47515885637902E-04
-4.83805268652828E-01  8.51715212082991E-01  4.48570147174407E-04
-4.77522083345649E-01  8.57373826913202E-01  4.48785881896284E-04
-4.71238898038469E-01  8.62779060542867E-01  4.48239344073518E-04
-4.64955712731289E-01  8.67905318167910E-01  4.46940429605270E-04
-4.58672527424110E-01  8.72727787413968E-01  4.44811675314680E-04
-4.52389342116930E-01  8.77229582732640E-01  4.41940337461689E-04
-4.46106156809750E-01  8.81389290661912E-01  4.38304084210300E-04
-4.39822971502571E-01  8.85187960285053E-01  4.33998745137836E-04
-4.33539786195391E-01  8.88613188083037E-01  4.28899229784957E-04
-4.27256600888211E-01  8.91645843434949E-01  4.23146857718694E-04
-4.20973415581032E-01  8.94276637544923E-01  4.16767651973972E-04
-4.14690230273853E-01  8.96496807591358E-01  4.09787830972500E-04
-4.08407044966673E-01  8.98295673561793E-01  4.02131308156636E-04
-4.02123859659493E-01  8.99666803527903E-01  3.93984273861153E-04
-3.95840674352314E-01  9.00606118644006E-01  3.85335219642643E-04
-3.89557489045134E-01  9.01111301782792E-01  3.76198394141326E-04
-3.83274303737954E-01  9.01179768551508E-01  3.66488473236342E-04
-3.76991118430775E-01  9.00816842047154E-01  3.56554126776575E-04
-3.70707933123596E-01  9.00019969101775E-01  3.46305021748667E-04
-3.64424747816416E-01  8.98792150084434E-01  3.35786516014509E-04
-3.58141562509236E-01  8.97146909477499E-01  3.25013438467285E-04
-3.51858377202057E-01  8.95089024601124E-01  3.14055457789635E-04
-3.45575191894877E-01  8.92620129300329E-01  3.03013412023196E-04
-3.39292006587697E-01  8.89756611332230E-01  2.91843257633821E-04
-3.33008821280518E-01  8.86511439707983E-01  2.80614556040618E-04
-3.26725635973338E-01  8.82888050754816E-01  2.69426752348692E-04
-3.20442450666159E-01  8.78916549632003E-01  2.58304268702386E-04
-3.14159265358979E-01  8.74607031526264E-01  2.47292185114050E-04
-3.07876080051800E-01  8.69970703386290E-01  2.36404167702651E-04
-3.01592894744620E-01  8.65026744310263E-01  2.25722677975148E-04
-2.95309709437440E-01  8.59788788835718E-01  2.15319985533833E-04
-2.89026524130261E-01  8.54283803700769E-01  2.05248752875847E-04
-2.82743338823081E-01  8.48524057649385E-01  1.95467324734210E-04
-2.76460153515901E-01  8.42536122391754E-01  1.86073208301022E-04
-2.70176968208722E-01  8.36335278476646E-01  1.77110445006070E-04
-2.63893782901543E-01  8.29942631234425E-01  1.68565083557396E-04
-2.57610597594363E-01  8.23383162012397E-01  1.60502784673453E-04
-2.51327412287183E-01  8.16675338983638E-01  1.52983562483373E-04
-2.45044226980004E-01  8.09839305147875E-01  1.46016879499124E-04
-2.38761041672824E-01  8.02894040742501E-01  1.39631625972245E-04
-2.32477856365644E-01  7.95865037695555E-01  1.33861018991929E-04
-2.26194671058465E-01  7.88764144999947E-01  1.28716445470732E-04
-2.19911485751285E-01  7.81619734955336E-01  1.24226242592785E-04
-2.13628300444106E-01  7.74451626990090E-01  1.20412212163271E-04
-2.07345115136926E-01  7.67286001532595E-01  1.17288267627763E-04
-2.01061929829747E-01  7.60125420971502E-01  1.14894444585423E-04
-1.94778744522567E-01  7.52998306944655E-01  1.13196706158150E-04
-1.88495559215387E-01  7.45921026666786E-01  1.12227894658998E-04
-1.82212373908208E-01  7.38917467381565E-01  1.11995277372845E-04
-1.75929188601028E-01  7.31999384180581E-01  1.12503155445481E-04
-1.69646003293848E-01  7.25181129114520E-01  1.13770943636194E-04
-1.63362817986669E-01  7.18483205877061E-01  1.15764494251911E-04
-1.57079632679490E-01  7.11917142511829E-01  1.18493603206372E-04
-1.50796447372310E-01  7.05508564036020E-01  1.21949506830774E-04
-1.44513262065130E-01  6.99266533983341E-01  1.26121173987202E-04
-1.38230076757951E-01  6.93207871506205E-01  1.30986749222098E-04
-1.31946891450771E-01  6.87339653321605E-01  1.36549015879274E-04
-1.25663706143591E-01  6.81680522395455E-01  1.42765107944821E-04
-1.19380520836412E-01  6.76243807564065E-01  1.49597014925772E-04
-1.13097335529232E-01  6.71039291042821E-01  1.57072416567903E-04
-1.06814150222053E-01  6.66078994170235E-01  1.65039617690242E-04
-1.00530964914873E-01  6.61373342144023E-01  1.73593959948239E-04
-9.42477796076937E-02  6.56934203693826E-01  1.82637222215234E-04
-8.79645943005141E-02  6.52772392745260E-01  1.92121430104487E-04
-8.16814089933344E-02  6.48893467680916E-01  2.02010484574298E-04
-7.53982236861548E-02  6.45310356464984E-01  2.12220058036777E-04
-6.91150383789751E-02  6.42032283650621E-01  2.22705486996834E-04
-6.28318530717955E-02  6.39069033332381E-01  2.33403814366246E-04
-5.65486677646159E-02  6.36424615174135E-01  2.44247960765031E-04
-5.02654824574367E-02  6.34107068576186E-01  2.55167518625568E-04
-4.39822971502570E-02  6.32122418773359E-01  2.66087749914932E-04
-3.76991118430774E-02  6.30483863762697E-01  2.76933548221189E-04
-3.14159265358978E-02  6.29191097824494E-01  2.87624116243660E-04
-2.51327412287181E-02  6.28252965586970E-01  2.98081099442596E-04
-1.88495559215385E-02  6.27668430064849E-01  3.08217268320588E-04
-1.25663706143588E-02  6.27449851621598E-01  3.17948751402851E-04
-6.28318530717920E-03  6.27599625244458E-01  3.27197189038355E-04
 0.00000000000000E+00  6.28118839307718E-01  3.35871007530611E-04
 6.28318530717964E-03  6.29011170332285E-01  3.43882545020424E-04
 1.25663706143593E-02  6.30278828490048E-01  3.51161882466066E-04
 1.88495559215389E-02  6.31919089401388E-01  3.57625589454994E-04
 2.51327412287186E-02  6.33932759125911E-01  3.63199285400481E-04
 3.14159265358982E-02  6.36325382521791E-01  3.67810497811894E-04
 3.76991118430778E-02  6.39092609549842E-01  3.71394319916314E-04
 4.39822971502575E-02  6.42234034784566E-01  3.73882271077099E-04
 5.02654824574367E-02  6.45743137307664E-01  3.75225021994669E-04
 5.65486677646163E-02  6.49617757509031E-01  3.75376191515271E-04
 6.28318530717960E-02  6.53850279802295E-01  3.74290859805423E-04
 6.91150383789756E-02  6.58436328566927E-01  3.71947902748407E-04
 7.53982236861552E-02  6.63369741812748E-01  3.68327187387543E-04
 8.16814089933349E-02  6.68641930012510E-01  3.63432732821688E-04
 8.79645943005145E-02  6.74243601023494E-01  3.57258883498596E-04
 9.42477796076941E-02  6.80163123883997E-01  3.49785909155360E-04
 1.00530964914874E-01  6.86389712605284E-01  3.41097787060151E-04
 1.06814150222053E-01  6.92910413846881E-01  3.31225268441173E-04
 1.13097335529233E-01  6.99712424524860E-01  3.20211960290682E-04
 1.19380520836412E-01  7.06777191469617E-01  3.08146281157939E-04
 1.25663706143592E-01  7.14095386173833E-01  2.95063573794239E-04
 1.31946891450772E-01  7.21645921382674E-01  2.81079174001298E-04
 1.38230076757951E-01  7.29411361490772E-01  2.66299502877026E-04
 1.44513262065131E-01  7.37369046678492E-01  2.50862067388925E-04
 1.50796447372310E-01  7.45505628018467E-01  2.34866108051195E-04
 1.57079632679490E-01  7.53795813374138E-01  2.18461258823404E-04
 1.63362817986669E-01  7.62217778279110E-01  2.01804261285649E-04
 1.69646003293849E-01  7.70752953423875E-01  1.85075763622740E-04
 1.75929188601029E-01  7.79373754062045E-01  1.68396960581311E-04
 1.82212373908208E-01  7.88063533057000E-01  1.51975116009449E-04
 1.88495559215388E-01  7.96793213175055E-01  1.35981504207405E-04
 1.94778744522567E-01  8.05524092231052E-01  1.20610664938271E-04
 2.01061929829747E-01  8.14243094856355E-01  1.06080598031576E-04
 2.07345115136926E-01  8.22933446409786E-01  9.25427276717117E-05
 2.13628300444106E-01  8.31548158060401E-01  8.01966879053977E-05
 2.19911485751286E-01  8.40075548368125E-01  6.92577157437561E-05
 2.26194671058465E-01  8.48482417382351E-01  5.98961570874023E-05
 2.32477856365645E-01  8.56747611109148E-01  5.23000122772176E-05
 2.38761041672825E-01  8.64840113306331E-01  4.66018562975645E-05
 2.45044226980004E-01  8.72737411586422E-01  4.29802747061870E-05
 2.51327412287184E-01  8.80413301366495E-01  4.15822052865101E-05
 2.57610597594363E-01  8.87837793111736E-01  4.25452179209586E-05
 2.63893782901543E-01  8.94994125292735E-01  4.59889884831114E-05
 2.70176968208722E-01  9.01854911216356E-01  5.20395683106370E-05
 2.76460153515902E-01  9.08396899056382E-01  6.07429265902098E-05
 2.82743338823082E-01  9.14594177999613E-01  7.21870476457883E-05
 2.89026524130261E-01  9.20429128673974E-01  8.64395834422107E-05
 2.95309709437441E-01  9.25884093289084E-01  1.03489284283384E-04
 3.01592894744620E-01  9.30930890518021E-01  1.23360825627911E-04
 3.07876080051800E-01  9.35558592225336E-01  1.46036438567737E-04
 3.14159265358979E-01  9.39750796658780E-01  1.71477924261780E-04
 3.20442450666159E-01  9.43495764106395E-01  1.99597628675943E-04
 3.26725635973339E-01  9.46767386272819E-01  2.30353619451692E-04
 3.33008821280518E-01  9.49554950545395E-01  2.63468657994625E-04
 3.39292006587698E-01  9.51850743049032E-01  2.99106345167613E-04
 3.45575191894878E-01  9.53642220261752E-01  3.36908030450709E-04
 3.51858377202057E-01  9.54923570108084E-01  3.76820087465742E-04
 3.58141562509237E-01  9.55687425648347E-01  4.18703972178990E-04
 3.64424747816416E-01  9.55928001471220E-01  4.62146914140230E-04
 3.70707933123596E-01  9.55644904577331E-01  5.07033280325804E-04
 3.76991118430775E-01  9.54832700791527E-01  5.53117769238786E-04
 3.83274303737955E-01  9.53487918261957E-01  6.00155129842269E-04
 3.89557489045135E-01  9.51617200939811E-01  6.47842864457803E-04
 3.95840674352314E-01  9.49229753549964E-01  6.95969693559580E-04
 4.02123859659494E-01  9.46315026116513E-01  7.44336676634475E-04
 4.08407044966673E-01  9.42890026611271E-01  7.92434063489618E-04
 4.14690230273853E-01  9.38957953831145E-01  8.40136059660444E-04
 4.20973415581032E-01  9.34536356562092E-01  8.86964163381675E-04
 4.27256600888212E-01  9.29626751532391E-01  9.32924186576296E-04
 4.33539786195392E-01  9.24250121204046E-01  9.77707448565402E-04
 4.39822971502571E-01  9.18419812454574E-01  1.02093544705358E-03
 4.46106156809751E-01  9.12152516241700E-01  1.06240870582578E-03
 4.52389342116930E-01  9.05468265963105E-01  1.10199778185197E-03
 4.58672527424110E-01  8.98385956561615E-01  1.13919849840918E-03
 4.64955712731290E-01  8.90926016521454E-01  1.17395030791112E-03
 4.71238898038469E-01  8.83109642848166E-01  1.20614287843974E-03
 4.77522083345649E-01  8.74962435897362E-01  1.23532425141891E-03
 4.83805268652828E-01  8.66513558503848E-01  1.26156346527214E-03
 4.90088453960008E-01  8.57782881546379E-01  1.28485051488058E-03
 4.96371639267188E-01  8.48798323137028E-01  1.30474725095274E-03
 5.02654824574367E-01  8.39597102774883E-01  1.32136821939310E-03
 5.08938009881547E-01  8.30202552872447E-01  1.33459597371602E-03
 5.15221195188726E-01  8.20647992896738E-01  1.34439716905024E-03
 5.21504380495906E-01  8.10965136081982E-01  1.35075928514250E-03
 5.27787565803085E-01  8.01193780702587E-01  1.35374078045499E-03
 5.34070751110265E-01  7.91353613470829E-01  1.35321452035536E-03
 5.40353936417445E-01  7.81487735327950E-01  1.34937910143570E-03
 5.46637121724624E-01  7.71629921697941E-01  1.34219503107661E-03
 5.52920307031804E-01  7.61815645639855E-01  1.33190463530433E-03
 5.59203492338983E-01  7.52079470922640E-01  1.31844957678939E-03
 5.65486677646163E-01  7.42457209404676E-01  1.30220027324576E-03
 5.71769862953343E-01  7.32985818787474E-01  1.28318708555641E-03
 5.78053048260522E-01  7.23702867174416E-01  1.26147241657186E-03
 5.84336233567702E-01  7.14636671299985E-01  1.23729971944754E-03
 5.90619418874881E-01  7.05826470342334E-01  1.21087180055699E-03
 5.96902604182061E-01  6.97303202752100E-01  1.18238093808136E-03
 6.03185789489241E-01  6.89107635798390E-01  1.15202486197557E-03
 6.09468974796420E-01  6.81271193996487E-01  1.12001602460390E-03
 6.15752160103600E-01  6.73825360550130E-01  1.08662505848535E-03
 6.22035345410779E-01  6.66800616232648E-01  1.05180539562225E-03
 6.28318530717959E-01  6.60231199071188E-01  1.01609305523711E-03
 6.34601716025138E-01  6.54143461265616E-01  9.79594507980367E-04
 6.40884901332318E-01  6.48565229685005E-01  9.42504983430255E-04
 6.47168086639498E-01  6.43519827340246E-01  9.05082650159635E-04
 6.53451271946677E-01  6.39036028593711E-01  8.67678245326373E-04
 6.59734457253857E-01  6.35137701098419E-01  8.30089687102050E-04
 6.66017642561036E-01  6.31838980005082E-01  7.92507777572286E-04
 6.72300827868216E-01  6.29161388744125E-01  7.55218008843995E-04
 6.78584013175396E-01  6.27119567380797E-01  7.18444708930775E-04
 6.84867198482575E-01  6.25727738472728E-01  6.82340460826967E-04
 6.91150383789755E-01  6.24998769787349E-01  6.47019744210276E-04
 6.97433569096934E-01  6.24933051919728E-01  6.12573537910059E-04
 7.03716754404114E-01  6.25548122496534E-01  5.79076504729975E-04
 7.09999939711293E-01  6.26850864021323E-01  5.46699933955155E-04
 7.16283125018473E-01  6.28823915652164E-01  5.15508180089667E-04
 7.22566310325653E-01  6.31467308131702E-01  4.85365206605577E-04
 7.28849495632832E-01  6.34778567331822E-01  4.56666953223480E-04
 7.35132680940012E-01  6.38748956184359E-01  4.29281634724498E-04
 7.41415866247191E-01  6.43364612374512E-01  4.03245248597591E-04
 7.47699051554371E-01  6.48609621864157E-01  3.78632413170133E-04
 7.53982236861551E-01  6.54462846197329E-01  3.55362533391425E-04
 7.60265422168730E-01  6.60907582680458E-01  3.33502556913147E-04
 7.66548607475910E-01  6.67914010988292E-01  3.12993268026308E-04
 7.72831792783089E-01  6.75459383555192E-01  2.93857744297488E-04
 7.79114978090269E-01  6.83504826331757E-01  2.76079272521017E-04
 7.85398163397449E-01  6.92017437662332E-01  2.59614715314103E-04
 7.91681348704628E-01  7.00962791400881E-01  2.44541565151338E-04
 7.97964534011808E-01  7.10296618209907E-01  2.30678863725500E-04
 8.04247719318987E-01  7.19976473889457E-01  2.18074804588972E-04
 8.10530904626167E-01  7.29957191072134E-01  2.06666087062304E-04
 8.16814089933346E-01  7.40190416912534E-01  1.96465856299192E-04
 8.23097275240526E-01  7.50630659288818E-01  1.87425154341298E-04
 8.29380460547706E-01  7.61217610559126E-01  1.79512898105146E-04
 8.35663645854885E-01  7.71898885953422E-01  1.72702837205816E-04
 8.41946831162065E-01  7.82618177724997E-01  1.66965298364853E-04
 8.48230016469244E-01  7.93319540037570E-01  1.62277656514062E-04
 8.54513201776424E-01  8.03944961916846E-01  1.58628104488535E-04
 8.60796387083604E-01  8.14435990084855E-01  1.55995417376410E-04
 8.67079572390783E-01  8.24736039242943E-01  1.54394409832064E-04
 8.73362757697962E-01  8.34783351667529E-01  1.53668453349627E-04
 8.79645943005142E-01  8.44521001025425E-01  1.54007686863477E-04
 8.85929128312322E-01  8.53880574685493E-01  1.55358028728109E-04
 8.92212313619502E-01  8.62813091208137E-01  1.57709858912763E-04
 8.98495498926681E-01  8.71254257545392E-01  1.61014177854572E-04
 9.04778684233861E-01  8.79164717249656E-01  1.65306757427044E-04
 9.11061869541040E-01  8.86471934126504E-01  1.70620386591112E-04
 9.17345054848220E-01  8.93132230578843E-01  1.76881044649544E-04
 9.23628240155399E-01  8.99094367700093E-01  1.84162268357096E-04
 9.29911425462579E-01  9.04314872659984E-01  1.92452888131265E-04
 9.36194610769759E-01  9.08748259131479E-01  2.01759399018390E-04
 9.42477796076938E-01  9.12362441824221E-01  2.12142830693609E-04
 9.48760981384118E-01  9.15113932908436E-01  2.23485286067128E-04
 9.55044166691297E-01  9.16973850885159E-01  2.35914384712548E-04
 9.61327351998477E-01  9.17918849612573E-01  2.49309580215322E-04
 9.67610537305656E-01  9.17925940183198E-01  2.63721090018020E-04
 9.73893722612836E-01  9.16975942330238E-01  2.79142678124704E-04
 9.80176907920016E-01  9.15059502357868E-01  2.95638245161991E-04
 9.86460093227195E-01  9.12172026792814E-01  3.13061875182574E-04
 9.92743278534375E-01  9.08307796658254E-01  3.31413719255168E-04
 9.99026463841554E-01  9.03478330369792E-01  3.50731011242339E-04
 1.00530964914873E+00  8.97692069242016E-01  3.70909528021925E-04
 1.01159283445591E+00  8.90964492048227E-01  3.91936305523030E-04
 1.01787601976309E+00  8.83324558074223E-01  4.13800880995424E-04
 1.02415920507027E+00  8.74801004430470E-01  4.36431532332030E-04
 1.03044239037745E+00  8.65427104501556E-01  4.59784053918062E-04
 1.03672557568463E+00  8.55246510895313E-01  4.83802900928615E-04
 1.04300876099181E+00  8.44307302850879E-01  5.08430996582052E-04
 1.04929194629899E+00  8.32662391752396E-01  5.33559247515433E-04
 1.05557513160617E+00  8.20371078667709E-01  5.59197761712129E-04
 1.06185831691335E+00  8.07494462832548E-01  5.85244498192325E-04
 1.06814150222053E+00  7.94105013759394E-01  6.11622114212125E-04
 1.07442468752771E+00  7.80281733921438E-01  6.38246787423950E-04
 1.08070787283489E+00  7.66100103226927E-01  6.65220408117710E-04
 1.08699105814207E+00  7.51647073438208E-01  6.92164702621003E-04
 1.09327424344925E+00  7.37003743212575E-01  7.19124505800183E-04
 1.09955742875643E+00  7.22259379306191E-01  7.45979075584424E-04
 1.10584061406361E+00  7.07510184125249E-01  7.72694897761351E-04
 1.11212379937079E+00  6.92854154452051E-01  7.99278235476351E-04
 1.11840698467797E+00  6.78384388995220E-01  8.25590710623122E-04
 1.12469016998515E+00  6.64198637497525E-01  8.51558808235679E-04
 1.13097335529233E+00  6.50394145097676E-01  8.77120567511926E-04
 1.13725654059951E+00  6.37065928523684E-01  9.02210924461351E-04
 1.14353972590668E+00  6.24315659489789E-01  9.26734902038628E-04
 1.14982291121386E+00  6.12241499540453E-01  9.50707629498618E-04
 1.15610609652104E+00  6.00932392333371E-01  9.74044329205014E-04
 1.16238928182822E+00  5.90481819700971E-01  9.96776584657532E-04
 1.16867246713540E+00  5.80972188060736E-01  1.01871467013696E-03
 1.17495565244258E+00  5.72483441933796E-01  1.03988729155383E-03
 1.18123883774976E+00  5.65098659745955E-01  1.06011987489969E-03
 1.18752202305694E+00  5.58887986062492E-01  1.07972898011880E-03
 1.19380520836412E+00  5.53911507877766E-01  1.09849193092980E-03
 1.20008839367130E+00  5.50238471634006E-01  1.11640233591077E-03
 1.20637157897848E+00  5.47914804579359E-01  1.13348704212976E-03
 1.21265476428566E+00  5.46983863634943E-01  1.14973587494686E-03
 1.21893794959284E+00  5.47479431705185E-01  1.16513157730454E-03
 1.22522113490002E+00  5.49431772794249E-01  1.17968867187951E-03
 1.23150432020720E+00  5.52858855965899E-01  1.19356302768395E-03
 1.23778750551438E+00  5.57761600558118E-01  1.20647205616541E-03
 1.24407069082156E+00  5.64141598689130E-01  1.21873399855748E-03
 1.25035387612874E+00  5.71985280273752E-01  1.22995228933891E-03
 1.25663706143592E+00  5.81269077149748E-01  1.24058725429557E-03
 1.26292024674310E+00  5.91961645686280E-01  1.25037720040116E-03
 1.26920343205028E+00  6.04013298193601E-01  1.25949361482531E-03
 1.27548661735746E+00  6.17377173019604E-01  1.26806533412842E-03
 1.28176980266464E+00  6.31987724267443E-01  1.27603309379710E-03
 1.28805298797182E+00  6.47767377170256E-01  1.28335907309972E-03
 1.29433617327900E+00  6.64634015191139E-01  1.29026369057852E-03
 1.30061935858617E+00  6.82491685133657E-01  1.29625204008069E-03
 1.30690254389335E+00  7.01240524240173E-01  1.30186234930420E-03
 1.31318572920053E+00  7.20768091723223E-01  1.30695348789012E-03
 1.31946891450771E+00  7.40956072330944E-01  1.31151299701872E-03
 1.32575209981489E+00  7.61673836292973E-01  1.31580119416388E-03
 1.33203528512207E+00  7.82798616523617E-01  1.31947525785631E-03
 1.33831847042925E+00  8.04184013974758E-01  1.32259885798727E-03
 1.34460165573643E+00  8.25693642988634E-01  1.32534638942265E-03
 1.35088484104361E+00  8.47175170318594E-01  1.32768033739445E-03
 1.35716802635079E+00  8.68484848762395E-01  1.32952299575298E-03
 1.36345121165797E+00  8.89462282185965E-01  1.33096449496960E-03
 1.36973439696515E+00  9.09959538238808E-01  1.33193044932969E-03
 1.37601758227233E+00  9.29822227408336E-01  1.33243245380124E-03
 1.38230076757951E+00  9.48901197363801E-01  1.33269323704722E-03
 1.38858395288669E+00  9.67047395987008E-01  1.33218821163730E-03
 1.39486713819387E+00  9.84116354980275E-01  1.33114603936257E-03
 1.40115032350105E+00  9.99965840805037E-01  1.32954051773925E-03
 1.40743350880823E+00  1.01446661972094E+00  1.32743924656089E-03
 1.41371669411541E+00  1.02748814001477E+00  1.32458975063748E-03
 1.41999987942259E+00  1.03890860484812E+00  1.32111017224065E-03
 1.42628306472977E+00  1.04862377220652E+00  1.31699381367385E-03
 1.43256625003695E+00  1.05652801553142E+00  1.31212061382569E-03
 1.43884943534413E+00  1.06253469906604E+00  1.30651032781570E-03
 1.44513262065131E+00  1.06656738890789E+00  1.30002665691318E-03
 1.45141580595848E+00  1.06856146840411E+00  1.29268835747957E-03
 1.45769899126566E+00  1.06846679216911E+00  1.28446143834253E-03
 1.46398217657284E+00  1.06624748930940E+00  1.27535939273566E-03
 1.47026536188002E+00  1.06188171378330E+00  1.26541393724274E-03
 1.47654854718720E+00  1.05535993142906E+00  1.25451455880924E-03
 1.48283173249438E+00  1.04670330559034E+00  1.24248149345834E-03
 1.48911491780156E+00  1.03593073049216E+00  1.22952059700350E-03
 1.49539810310874E+00  1.02308803924441E+00  1.21544172154743E-03
 1.50168128841592E+00  1.00822417740003E+00  1.20026323147741E-03
 1.50796447372310E+00  9.91421574209971E-01  1.18412301287532E-03
 1.51424765903028E+00  9.72770559133703E-01  1.16680519298461E-03
 1.52053084433746E+00  9.52383073581258E-01  1.14858362192398E-03
 1.52681402964464E+00  9.30373416683413E-01  1.12940845065897E-03
 1.53309721495182E+00  9.06879120543829E-01  1.10921777109739E-03
 1.53938040025900E+00  8.82050423254648E-01  1.08798726144310E-03
 1.54566358556618E+00  8.56052979796485E-01  1.06584824103726E-03
 1.55194677087336E+00  8.29055193047020E-01  1.04287531944571E-03
 1.55822995618054E+00  8.01245425319595E-01  1.01906909925538E-03
 1.56451314148772E+00  7.72814653080892E-01  9.94500118421045E-04
 1.57079632679490E+00  7.43973652231000E-01  9.69237975288765E-04
 1.57707951210208E+00  7.14927773954236E-01  9.43348646631202E-04
 1.58336269740926E+00  6.85894594540441E-01  9.16904795368403E-04
 1.58964588271644E+00  6.57098943575360E-01  8.90047108047241E-04
 1.59592906802362E+00  6.28760566441185E-01  8.62806726512669E-04
 1.60221225333080E+00  6.01101808343170E-01  8.35287915383161E-04
 1.60849543863797E+00  5.74347061094878E-01  8.07648168564544E-04
 1.61477862394515E+00  5.48713513453266E-01  7.80012458854052E-04
 1.62106180925233E+00  5.24413661445082E-01  7.52396561476284E-04
 1.62734499455951E+00  5.01665206027564E-01  7.24964658377332E-04
 1.63362817986669E+00  4.80659030312721E-01  6.97833435475224E-04
 1.63991136517387E+00  4.61590344127994E-01  6.71117998552136E-04
 1.64619455048105E+00  4.44639447381938E-01  6.44940290462925E-04
 1.65247773578823E+00  4.29969655430897E-01  6.19415369986541E-04
 1.65876092109541E+00  4.17733625930203E-01  5.94604659193356E-04
 1.66504410640259E+00  4.08062427074124E-01  5.70788895006218E-04
 1.67132729170977E+00  4.01072857119302E-01  5.47910486098738E-04
 1.67761047701695E+00  3.96870263060979E-01  5.26103842576356E-04
 1.68389366232413E+00  3.95527016812016E-01  5.05521118709996E-04
 1.69017684763131E+00  3.97100253030789E-01  4.86298027577211E-04
 1.69646003293849E+00  4.01624138112682E-01  4.68387754701348E-04
 1.70274321824567E+00  4.09107568223625E-01  4.51928052434471E-04
 1.70902640355285E+00  4.19543676129392E-01  4.36993350119762E-04
 1.71530958886003E+00  4.32881473702812E-01  4.23610954943780E-04
 1.72159277416721E+00  4.49081520481114E-01  4.11891243925902E-04
 1.72787595947439E+00  4.68050331875106E-01  4.01878264810070E-04
 1.73415914478157E+00  4.89678788485361E-01  3.93556359235485E-04
 1.74044233008875E+00  5.13840455663894E-01  3.86947911019069E-04
 1.74672551539593E+00  5.40374560784197E-01  3.82012003752673E-04
 1.75300870070310E+00  5.69107860120179E-01  3.78868700038194E-04
 1.75929188601028E+00  5.99843928428019E-01  3.77408082131954E-04
 1.76557507131746E+00  6.32364391715457E-01  3.77684809293778E-04
 1.77185825662464E+00  6.66429074553400E-01  3.79571026765822E-04
 1.77814144193182E+00  7.01788834584646E-01  3.83045711185337E-04
 1.78442462723900E+00  7.38176109670167E-01  3.88044989103558E-04
 1.79070781254618E+00  7.75305302373384E-01  3.94519488611733E-04
 1.79699099785336E+00  8.12880325394612E-01  4.02335006046856E-04
 1.80327418316054E+00  8.50602154953582E-01  4.11419798901568E-04
 1.80955736846772E+00  8.88154988509761E-01  4.21674784758956E-04
 1.81584055377490E+00  9.25235609941027E-01  4.32983570485950E-04
 1.82212373908208E+00  9.61519809566502E-01  4.45216718532665E-04
 1.82840692438926E+00  9.96693017541014E-01  4.58164482575128E-04
 1.83469010969644E+00  1.03044793474513E+00  4.71900610231962E-04
 1.84097329500362E+00  1.06247405715775E+00  4.86178541539418E-04
 1.84725648031080E+00  1.09247482260890E+00  5.00858297078319E-04
 1.85353966561798E+00  1.12016449041971E+00  5.15802996840671E-04
 1.85982285092516E+00  1.14526803619582E+00  5.30827042468165E-04
 1.86610603623234E+00  1.16753559414575E+00  5.45843172195550E-04
 1.87238922153952E+00  1.18672335763505E+00  5.60868415066260E-04
 1.87867240684670E+00  1.20262579166840E+00  5.75503742786490E-04
 1.88495559215388E+00  1.21503864692093E+00  5.89586502151597E-04
 1.89123877746106E+00  1.22379935164806E+00  6.03187043830792E-04
 1.89752196276824E+00  1.22877357367905E+00  6.15942016571038E-04
 1.90380514807542E+00  1.22985279365466E+00  6.27878974962026E-04
 1.91008833338259E+00  1.22696102318374E+00  6.38859785340874E-04
 1.91637151868977E+00  1.22005096571487E+00  6.48779772475260E-04
 1.92265470399695E+00  1.20910975192531E+00  6.57540100383936E-04
 1.92893788930413E+00  1.19416425219686E+00  6.65062178329873E-04
 1.93522107461131E+00  1.17526583463055E+00  6.71272810790293E-04
 1.94150425991849E+00  1.15250650761151E+00  6.76034143344869E-04
 1.94778744522567E+00  1.12601235397038E+00  6.79366651181092E-04
 1.95407063053285E+00  1.09594612891309E+00  6.81198185302131E-04
 1.96035381584003E+00  1.06250663941475E+00  6.81509738188275E-04
 1.96663700114721E+00  1.02591876638851E+00  6.80246894149427E-04
 1.97292018645439E+00  9.86440304304120E-01  6.77410905835474E-04
 1.97920337176157E+00  9.44362295756001E-01  6.73009904345677E-04
 1.98548655706875E+00  9.00002352068561E-01  6.67051742986139E-04
 1.99176974237593E+00  8.53704392215406E-01  6.59629293208087E-04
 1.99805292768311E+00  8.05835025378812E-01  6.50674725300157E-04
 2.00433611299029E+00  7.56784013820281E-01  6.40198653135550E-04
 2.01061929829747E+00  7.06958630312798E-01  6.28494538729452E-04
 2.01690248360465E+00  6.56776936339491E-01  6.15447131084855E-04
 2.02318566891183E+00  6.06675641794322E-01  6.00911608278293E-04
 2.02946885421901E+00  5.57094975606141E-01  5.85272214998318E-04
 2.03575203952619E+00  5.08481332215607E-01  5.68533671133001E-04
 2.04203522483337E+00  4.61277914678099E-01  5.50805069868857E-04
 2.04831841014055E+00  4.15931264255224E-01  5.32162675681128E-04
 2.05460159544772E+00  3.72878701188380E-01  5.12627354309905E-04
 2.06088478075490E+00  3.32546707954850E-01  4.92493501690766E-04
 2.06716796606208E+00  2.95347363075293E-01  4.71783682102645E-04
 2.07345115136926E+00  2.61672054196962E-01  4.50603572921692E-04
 2.07973433667644E+00  2.31893151864584E-01  4.29066625510774E-04
 2.08601752198362E+00  2.06355485990085E-01  4.07278833976341E-04
 2.09230070729080E+00  1.85374407441921E-01  3.85346645822666E-04
 2.09858389259798E+00  1.69236632972254E-01  3.63451405626396E-04
 2.10486707790516E+00  1.58187151818894E-01  3.41569080407175E-04
 2.11115026321234E+00  1.52439463966532E-01  3.19986184486280E-04
 2.11743344851952E+00  1.52160291323347E-01  2.98601124285904E-04
 2.12371663382670E+00  1.57474361836237E-01  2.77621932812373E-04
 2.12999981913388E+00  1.68465674099671E-01  2.57079970680846E-04
 2.13628300444106E+00  1.85168547350534E-01  2.37088038588604E-04
 2.14256618974824E+00  2.07570519185397E-01  2.17721308639511E-04
 2.14884937505542E+00  2.35609607459638E-01  1.99002438428205E-04
 2.15513256036260E+00  2.69177783929676E-01  1.81106526452580E-04
 2.16141574566978E+00  3.08114954007063E-01  1.63973818054819E-04
 2.16769893097696E+00  3.52220847774689E-01  1.47764845806323E-04
 2.17398211628414E+00  4.01235864890616E-01  1.32430139199176E-04
 2.18026530159132E+00  4.54864873716428E-01  1.18029914760182E-04
 2.18654848689850E+00  5.12763029172196E-01  1.04589375393431E-04
 2.19283167220568E+00  5.74547971334622E-01  9.21262471001147E-05
 2.19911485751286E+00  6.39798748071392E-01  8.06510068425327E-05
 2.20539804282004E+00  7.08052555048834E-01  7.01670398196026E-05
 2.21168122812721E+00  7.78819595410018E-01  6.06765782631569E-05
 2.21796441343439E+00  8.51578242663600E-01  5.21474797205428E-05
 2.22424759874157E+00  9.25782187194585E-01  4.46023161180152E-05
 2.23053078404875E+00  1.00086316749564E+00  3.79765984092403E-05
 2.23681396935593E+00  1.07623684825358E+00  3.22708399279813E-05
 2.24309715466311E+00  1.15131793442942E+00  2.74506467389217E-05
 2.24938033997029E+00  1.22550176675543E+00  2.34778104963294E-05
 2.25566352527747E+00  1.29818720692948E+00  2.03132608053861E-05
 2.26194671058465E+00  1.36878108404874E+00  1.79093658308267E-05
 2.26822989589183E+00  1.43668366359617E+00  1.62236566959829E-05
 2.27451308119901E+00  1.50132513689437E+00  1.52147829559801E-05
 2.28079626650619E+00  1.56215105430017E+00  1.48080546671119E-05
 2.28707945181337E+00  1.61862732446803E+00  1.49797160237154E-05
 2.29336263712055E+00  1.67024986015071E+00  1.56737060125320E-05
 2.29964582242773E+00  1.71655669791668E+00  1.68064687466341E-05
 2.30592900773491E+00  1.75711816157098E+00  1.83713893896836E-05
 2.31221219304209E+00  1.79154237908714E+00  2.02960009923251E-05
 2.31849537834927E+00  1.81948617850301E+00  2.25435327070880E-05
 2.32477856365645E+00  1.84067238846409E+00  2.50403397193980E-05
 2.33106174896363E+00  1.85484761103126E+00  2.77437193823843E-05
 2.33734493427081E+00  1.86183446133987E+00  3.06178545989967E-05
 2.34362811957799E+00  1.86151278088953E+00  3.36234664032307E-05
 2.34991130488517E+00  1.85381723926703E+00  3.67162696334964E-05
 2.35619449019234E+00  1.83874435872138E+00  3.98608108924513E-05
 2.36247767549952E+00  1.81635639653404E+00  4.30190140017954E-05
 2.36876086080670E+00  1.78677043962157E+00  4.61698205076486E-05
 2.37504404611388E+00  1.75017917812448E+00  4.92784293090971E-05
 2.38132723142106E+00  1.70682829917707E+00  5.23232200667728E-05
 2.38761041672824E+00  1.65702169467649E+00  5.52885843416572E-05
 2.39389360203542E+00  1.60111170731911E+00  5.81558612201712E-05
 2.40017678734260E+00  1.53952530323643E+00  6.09116556419588E-05
 2.40645997264978E+00  1.47274355291801E+00  6.35588747664777E-05
 2.41274315795696E+00  1.40128343229560E+00  6.60875039116852E-05
 2.41902634326414E+00  1.32571628938432E+00  6.85272320574741E-05
 2.42530952857132E+00  1.24665723818405E+00  7.08264031423499E-05
 2.43159271387850E+00  1.16475842841126E+00  7.30211215209488E-05
 2.43787589918568E+00  1.08069784589577E+00  7.50762511296657E-05
 2.44415908449286E+00  9.95199562290535E-01  7.70981140267053E-05
 2.45044226980004E+00  9.08994912984892E-01  7.90610545492242E-05
 2.45672545510722E+00  8.22840284246620E-01  8.09870710886403E-05
 2.46300864041440E+00  7.37505846386260E-01  8.29012104026762E-05
 2.46929182572158E+00  6.53768248342292E-01  8.48275408008880E-05
 2.47557501102876E+00  5.72411474973731E-01  8.68044688391764E-05
 2.48185819633594E+00  4.94208493548969E-01  8.88609323819844E-05
 2.48814138164312E+00  4.19927075163445E-01  9.10248025183545E-05
 2.49442456695030E+00  3.50323831041543E-01  9.33530143227243E-05
 2.50070775225748E+00  2.86140716577070E-01  9.58647270387398E-05
 2.50699093756466E+00  2.28089201162798E-01  9.86222612353904E-05
 2.51327412287183E+00  1.76859988298772E-01  1.01626092536985E-04
 2.51955730817901E+00  1.33112164858644E-01  1.04948857991212E-04
 2.52584049348619E+00  9.74703931093838E-02  1.08534904928375E-04
 2.53212367879337E+00  7.05221280865919E-02  1.12600849984029E-04
 2.53840686410055E+00  5.28172309051719E-02  1.17102542956079E-04
 2.54469004940773E+00  4.48611273925841E-02  1.22081635669656E-04
 2.55097323471491E+00  4.71184460024964E-02  1.27576589301368E-04
 2.55725642002209E+00  6.00110164169972E-02  1.33585435234811E-04
 2.56353960532927E+00  8.39145580916726E-02  1.40244021324481E-04
 2.56982279063645E+00  1.19161211927500E-01  1.47503140167688E-04
 2.57610597594363E+00  1.66042097586375E-01  1.55397025238717E-04
 2.58238916125081E+00  2.24802177500671E-01  1.63986030701639E-04
 2.58867234655799E+00  2.95648724575015E-01  1.73290145290159E-04
 2.59495553186517E+00  3.78748966588030E-01  1.83341901957548E-04
 2.60123871717235E+00  4.74236038621251E-01  1.94113062655179E-04
 2.60752190247953E+00  5.82212312658284E-01  2.05639688630216E-04
 2.61380508778671E+00  7.02747777443582E-01  2.17943880855805E-04
 2.62008827309389E+00  8.35891191013563E-01  2.30961807726161E-04
 2.62637145840107E+00  9.81667407968310E-01  2.44777566845324E-04
 2.63265464370825E+00  1.14008544453287E+00  2.59360590823965E-04
 2.63893782901543E+00  1.31114670049459E+00  2.74685248744997E-04
 2.64522101432261E+00  1.49484278900058E+00  2.90732870978720E-04
 2.65150419962979E+00  1.69115965133617E+00  3.07472822823267E-04
 2.65778738493697E+00  1.90009275532228E+00  3.24851416791482E-04
 2.66407057024414E+00  2.12163747075547E+00  3.42893647735166E-04
 2.67035375555132E+00  2.35581079648598E+00  3.61568117876517E-04
 2.67663694085850E+00  2.60263358066534E+00  3.80764975581452E-04
 2.68292012616568E+00  2.86215611500758E+00  4.00422929790949E-04
 2.68920331147286E+00  3.13445246274963E+00  4.20497703862129E-04
 2.69548649678004E+00  3.41961383730942E+00  4.40933716794699E-04
 2.70176968208722E+00  3.71776959154419E+00  4.61720406629495E-04
 2.70805286739440E+00  4.02908760307385E+00  4.82671947747364E-04
 2.71433605270158E+00  4.35375637681822E+00  5.03748396690630E-04
 2.72061923800876E+00  4.69201317666859E+00  5.24864621596595E-04
 2.72690242331594E+00  5.04411017867420E+00  5.45887729413649E-04
 2.73318560862312E+00  5.41035105596906E+00  5.66773883049846E-04
 2.73946879393030E+00  5.79107253818907E+00  5.87505642165174E-04
 2.74575197923748E+00  6.18664087205532E+00  6.07862268312418E-04
 2.75203516454466E+00  6.59745548623275E+00  6.27828537350539E-04
 2.75831834985184E+00  7.02394998184808E+00  6.47151928039634E-04
 2.76460153515902E+00  7.46655191415583E+00  6.65973108979080E-04
 2.77088472046620E+00  7.92573873382745E+00  6.84022816222916E-04
 2.77716790577338E+00  8.40199969995704E+00  7.01301288181881E-04
 2.78345109108056E+00  8.89580173569355E+00  7.17664038455986E-04
 2.78973427638774E+00  9.40763755815844E+00  7.33013274788097E-04
 2.79601746169492E+00  9.93801390692881E+00  7.47290165053923E-04
 2.80230064700210E+00  1.04873623600385E+01  7.60241488018811E-04
 2.80858383230928E+00  1.10561605882032E+01  7.71836536552266E-04
 2.81486701761646E+00  1.16448107691502E+01  7.82235882110104E-04
 2.82115020292363E+00  1.22537138680594E+01  7.91196851598857E-04
 2.82743338823081E+00  1.28831693767994E+01  7.98642577001620E-04
 2.83371657353799E+00  1.35334676683504E+01  8.04513007392470E-04
 2.83999975884517E+00  1.42048129898237E+01  8.08670459943066E-04
 2.84628294415235E+00  1.48973550675160E+01  8.11218010279379E-04
 2.85256612945953E+00  1.56111221814463E+01  8.12063287047167E-04
 2.85884931476671E+00  1.63460851155716E+01  8.11156680847978E-04
 2.86513250007389E+00  1.71021197705830E+01  8.08444188842206E-04
 2.87141568538107E+00  1.78789617541308E+01  8.04023191317879E-04
 2.87769887068825E+00  1.86762481870426E+01  7.97759419976933E-04
 2.88398205599543E+00  1.94935156337736E+01  7.89596795382047E-04
 2.89026524130261E+00  2.03301375328282E+01  7.79640945779600E-04
 2.89654842660979E+00  2.11854125585575E+01  7.67997440834612E-04
 2.90283161191697E+00  2.20583823760882E+01  7.54633082982278E-04
 2.90911479722415E+00  2.29480919171833E+01  7.39573739521891E-04
 2.91539798253133E+00  2.38533288952815E+01  7.22915624542074E-04
 2.92168116783851E+00  2.47728578637583E+01  7.04699840118878E-04
 2.92796435314569E+00  2.57051828977994E+01  6.85006703255984E-04
 2.93424753845287E+00  2.66487372052874E+01  6.63915387294575E-04
 2.94053072376005E+00  2.76018182124844E+01  6.41492722431864E-04
 2.94681390906723E+00  2.85625403290215E+01  6.17908770112351E-04
 2.95309709437441E+00  2.95289343386041E+01  5.93237643910634E-04
 2.95938027968159E+00  3.04988646665291E+01  5.67602192377254E-04
 2.96566346498876E+00  3.14701367782061E+01  5.41130689461265E-04
 2.97194665029595E+00  3.24403801665894E+01  5.13872045713938E-04
 2.97822983560312E+00  3.34071644502365E+01  4.86143806799907E-04
 2.98451302091030E+00  3.43679667026311E+01  4.57999653778719E-04
 2.99079620621748E+00  3.53201570972997E+01  4.29602895607578E-04
 2.99707939152466E+00  3.62610749436846E+01  4.01105671594862E-04
 3.00336257683184E+00  3.71879862022973E+01  3.72657590649506E-04
 3.00964576213902E+00  3.80981458738982E+01  3.44388629804623E-04
 3.01592894744620E+00  3.89887647211462E+01  3.16567353530001E-04
 3.02221213275338E+00  3.98570410074012E+01  2.89323707833874E-04
 3.02849531806056E+00  4.07001673322377E+01  2.62756815655566E-04
 3.03477850336774E+00  4.15154164810353E+01  2.37018871539229E-04
 3.04106168867492E+00  4.23000165889542E+01  2.12415038833315E-04
 3.04734487398210E+00  4.30513235543810E+01  1.89023337630937E-04
 3.05362805928928E+00  4.37667103732583E+01  1.66998695874916E-04
 3.05991124459646E+00  4.44436476814642E+01  1.46468127429301E-04
 3.06619442990364E+00  4.50797236073263E+01  1.27629312536478E-04
 3.07247761521082E+00  4.56726401899494E+01  1.10594212334527E-04
 3.07876080051800E+00  4.62202367560636E+01  9.54938691571740E-05
 3.08504398582518E+00  4.67204698894311E+01  8.24503080518867E-05
 3.09132717113236E+00  4.71714717296133E+01  7.15758408636623E-05
 3.09761035643954E+00  4.75715180475876E+01  6.29728839633824E-05
 3.10389354174672E+00  4.79191372602023E+01  5.67312455936792E-05
 3.11017672705390E+00  4.82129741689811E+01  5.29298414420288E-05
 3.11645991236108E+00  4.84518828498617E+01  5.16349267522383E-05
 3.12274309766825E+00  4.86349913312597E+01  5.28967943936960E-05
 3.12902628297543E+00  4.87615279811766E+01  5.67553364916130E-05
 3.13530946828261E+00  4.88310279267768E+01  6.32362544222890E-05
 3.14159265358979E+00  4.88432152312444E+01  7.23393352356332E-05
