-3.14159265358979E+00  5.40126651333789E-04  4.92955649069868E+01
-3.13530946828261E+00  5.46032609622423E-04  4.92678483668690E+01
-3.12902628297543E+00  5.50903373522351E-04  4.91731498809956E+01
-3.12274309766825E+00  5.54877106855086E-04  4.90118178924043E+01
-3.11645991236107E+00  5.57657547429200E-04  4.87844333889991E+01
-3.11017672705390E+00  5.59313169371279E-04  4.84918284153494E+01
-3.10389354174672E+00  5.59872113516111E-04  4.81350916363026E+01
-3.09761035643954E+00  5.59264358111067E-04  4.77154803907483E+01
-3.09132717113236E+00  5.57545521408227E-04  4.72345323855113E+01
-3.08504398582518E+00  5.54582956419345E-04  4.66939823938832E+01
-3.07876080051800E+00  5.50651206654649E-04  4.60957903928329E+01
-3.07247761521082E+00  5.45599613623239E-04  4.54420600856042E+01
-3.06619442990364E+00  5.39413743207706E-04  4.47351376589980E+01
-3.05991124459646E+00  5.32253315756895E-04  4.39774877065300E+01
-3.05362805928928E+00  5.24020542880609E-04  4.31717781234632E+01
-3.04734487398210E+00  5.14814880725029E-04  4.23208350857587E+01
-3.04106168867492E+00  5.04581463305645E-04  4.14275441408726E+01
-3.03477850336774E+00  4.93519706567246E-04  4.04949658782791E+01
-3.02849531806056E+00  4.81599043845197E-04  3.95262522918160E+01
-3.02221213275338E+00  4.68767874298349E-04  3.85246306643213E+01
-3.01592894744620E+00  4.55345206139055E-04  3.74934087036435E+01
-3.00964576213902E+00  4.41169947383143E-04  3.64359367567627E+01
-3.00336257683184E+00  4.26368615006241E-04  3.53556042288830E+01
-2.99707939152466E+00  4.10926920209789E-04  3.42558196469515E+01
-2.99079620621748E+00  3.95085539126945E-04  3.31400039999746E+01
-2.98451302091030E+00  3.78686864828397E-04  3.20115498365405E+01
-2.97822983560312E+00  3.62051306601952E-04  3.08738353031198E+01
-2.97194665029594E+00  3.45160299064190E-04  2.97302034567546E+01
-2.96566346498876E+00  3.28060914726413E-04  2.85839021213787E+01
-2.95938027968158E+00  3.10810906191824E-04  2.74381522453393E+01
-2.95309709437441E+00  2.93664885754565E-04  2.62960733524598E+01
-2.94681390906723E+00  2.76380076825363E-04  2.51606866707373E+01
-2.94053072376005E+00  2.59193528806161E-04  2.40348978496200E+01
-2.93424753845287E+00  2.42163529935861E-04  2.29214962122541E+01
-2.92796435314569E+00  2.25319969523850E-04  2.18231463465595E+01
-2.92168116783851E+00  2.08702923519282E-04  2.07423672788778E+01
-2.91539798253133E+00  1.92445267760189E-04  1.96815286723684E+01
-2.90911479722415E+00  1.76542447706743E-04  1.86428509339604E+01
-2.90283161191697E+00  1.61164401423075E-04  1.76283905721201E+01
-2.89654842660979E+00  1.46293267834839E-04  1.66400362806683E+01
-2.89026524130261E+00  1.31879727850522E-04  1.56795105316072E+01
-2.88398205599543E+00  1.18177159465347E-04  1.47483544616853E+01
-2.87769887068825E+00  1.05084209423240E-04  1.38479426250197E+01
-2.87141568538107E+00  9.26501418456555E-05  1.29794660034475E+01
-2.86513250007389E+00  8.09443638449012E-05  1.21439486784089E+01
-2.85884931476671E+00  6.99895237125196E-05  1.13422323524235E+01
-2.85256612945953E+00  5.98178441428026E-05  1.05749858355929E+01
-2.84628294415235E+00  5.03287600447895E-05  9.84271755690821E+00
-2.83999975884517E+00  4.16241028287300E-05  9.14575985235997E+00
-2.83371657353799E+00  3.37968340799222E-05  8.48428765683423E+00
-2.82743338823081E+00  2.67598289834028E-05  7.85832452811044E+00
-2.82115020292363E+00  2.06021767099318E-05  7.26773838477233E+00
-2.81486701761645E+00  1.52297880173314E-05  6.71224720387679E+00
-2.80858383230927E+00  1.06775202382196E-05  6.19146221903786E+00
-2.80230064700210E+00  6.95201236896148E-06  5.70482377580693E+00
-2.79601746169492E+00  4.06263955257504E-06  5.25168834304270E+00
-2.78973427638774E+00  1.95167469939361E-06  4.83128871135334E+00
-2.78345109108056E+00  6.36122787273183E-07  4.44275417277253E+00
-2.77716790577338E+00  1.03800853811296E-07  4.08514148154237E+00
-2.77088472046620E+00  3.42239089588634E-07  3.75739863539775E+00
-2.76460153515902E+00  1.33746655951972E-06  3.45841384186833E+00
-2.75831834985184E+00  3.06736995026208E-06  3.18700930786048E+00
-2.75203516454466E+00  5.50848264754403E-06  2.94195362179314E+00
-2.74575197923748E+00  8.68112057221508E-06  2.72196778431312E+00
-2.73946879393030E+00  1.25124795172167E-05  2.52574626396325E+00
-2.73318560862312E+00  1.70138281570073E-05  2.35194556777838E+00
-2.72690242331594E+00  2.21664300356764E-05  2.19920545361875E+00
-2.72061923800876E+00  2.79222547830570E-05  2.06617424735256E+00
-2.71433605270158E+00  3.42958014447728E-05  1.95146909571334E+00
-2.70805286739440E+00  4.12578788282947E-05  1.85374102889783E+00
-2.70176968208722E+00  4.87928956746492E-05  1.77164370547619E+00
-2.69548649678004E+00  5.69120342889627E-05  1.70385281410956E+00
-2.68920331147286E+00  6.55447263608593E-05  1.64907322114731E+00
-2.68292012616568E+00  7.46685599312958E-05  1.60604367709457E+00
-2.67663694085850E+00  8.43210718146464E-05  1.57353745569951E+00
-2.67035375555132E+00  9.44522515450359E-05  1.55037275025137E+00
-2.66407057024414E+00  1.05055055234227E-04  1.53541463913292E+00
-2.65778738493696E+00  1.16146307700785E-04  1.52758642120903E+00
-2.65150419962979E+00  1.27664991394801E-04  1.52585384975792E+00
-2.64522101432261E+00  1.39606804535596E-04  1.52924941698249E+00
-2.63893782901543E+00  1.51888127209768E-04  1.53686069697383E+00
-2.63265464370825E+00  1.64691129762610E-04  1.54783511666436E+00
-2.62637145840107E+00  1.77865472383389E-04  1.56138388829360E+00
-2.62008827309389E+00  1.91487891229150E-04  1.57677925533020E+00
-2.61380508778671E+00  2.05310305302277E-04  1.59335464760807E+00
-2.60752190247953E+00  2.19694878410100E-04  1.61050977302681E+00
-2.60123871717235E+00  2.34290863841462E-04  1.62770142451479E+00
-2.59495553186517E+00  2.49353631150205E-04  1.64444718152591E+00
-2.58867234655799E+00  2.64775863284524E-04  1.66032480506983E+00
-2.58238916125081E+00  2.80480184841429E-04  1.67496798531055E+00
-2.57610597594363E+00  2.96430313147261E-04  1.68806695037651E+00
-2.56982279063645E+00  3.12662795195290E-04  1.69935518297664E+00
-2.56353960532927E+00  3.29005255951985E-04  1.70862560712269E+00
-2.55725642002209E+00  3.45722952486316E-04  1.71571612739780E+00
-2.55097323471491E+00  3.62631425759195E-04  1.72050475504110E+00
-2.54469004940773E+00  3.79628441949273E-04  1.72291893977688E+00
-2.53840686410055E+00  3.96914320535375E-04  1.72291598063115E+00
-2.53212367879337E+00  4.14383407526899E-04  1.72048950044314E+00
-2.52584049348619E+00  4.31926602906130E-04  1.71566454474147E+00
-2.51955730817901E+00  4.49710492059687E-04  1.70849876441802E+00
-2.51327412287183E+00  4.67161532557169E-04  1.69907060376897E+00
-2.50699093756465E+00  4.84900266138363E-04  1.68747659581644E+00
-2.50070775225748E+00  5.02687072959424E-04  1.67383872599237E+00
-2.49442456695030E+00  5.20482509008677E-04  1.65829087338053E+00
-2.48814138164312E+00  5.38113513515302E-04  1.64097921835791E+00
-2.48185819633594E+00  5.55560368899129E-04  1.62206416788507E+00
-2.47557501102876E+00  5.73254735038069E-04  1.60171001376152E+00
-2.46929182572158E+00  5.90558671985205E-04  1.58008619385904E+00
-2.46300864041440E+00  6.07701496309249E-04  1.55736561653931E+00
-2.45672545510722E+00  6.24477122686501E-04  1.53372601458157E+00
-2.45044226980004E+00  6.41118907283208E-04  1.50933520620581E+00
-2.44415908449286E+00  6.57423645094807E-04  1.48436297290894E+00
-2.43787589918568E+00  6.73319809497505E-04  1.45897143050124E+00
-2.43159271387850E+00  6.89106225622596E-04  1.43332212392691E+00
-2.42530952857132E+00  7.04449573948708E-04  1.40756646102870E+00
-2.41902634326414E+00  7.19098616836082E-04  1.38184210316218E+00
-2.41274315795696E+00  7.33330939760102E-04  1.35628391373664E+00
-2.40645997264978E+00  7.47020846903593E-04  1.33101411120089E+00
-2.40017678734260E+00  7.60152949401834E-04  1.30614622544872E+00
-2.39389360203542E+00  7.72711213952998E-04  1.28179147962432E+00
-2.38761041672824E+00  7.84692710100170E-04  1.25802207285973E+00
-2.38132723142106E+00  7.96034762976932E-04  1.23492854650312E+00
-2.37504404611388E+00  8.06536298805464E-04  1.21257635721735E+00
-2.36876086080670E+00  8.16575252318558E-04  1.19102453926600E+00
-2.36247767549952E+00  8.25948088525539E-04  1.17032155557155E+00
-2.35619449019234E+00  8.34565631546212E-04  1.15050083193900E+00
-2.34991130488517E+00  8.42526202473934E-04  1.13159460607047E+00
-2.34362811957799E+00  8.49789479858142E-04  1.11361998629834E+00
-2.33734493427081E+00  8.56305205676202E-04  1.09659257875116E+00
-2.33106174896363E+00  8.62219598883564E-04  1.08049719888740E+00
-2.32477856365645E+00  8.67284919778479E-04  1.06533693677813E+00
-2.31849537834927E+00  8.71635369908252E-04  1.05109912861571E+00
-2.31221219304209E+00  8.75168294131680E-04  1.03776348715322E+00
-2.30592900773491E+00  8.78029247947531E-04  1.02530504999596E+00
-2.29964582242773E+00  8.80199233459068E-04  1.01369452758668E+00
-2.29336263712055E+00  8.81384704245827E-04  1.00289993171646E+00
-2.28707945181337E+00  8.82041630064387E-04  9.92882717727641E-01
-2.28079626650619E+00  8.82139425013281E-04  9.83603890825553E-01
-2.27451308119901E+00  8.81651049866546E-04  9.75020675376973E-01
-2.26822989589183E+00  8.80443986997199E-04  9.67095651240537E-01
-2.26194671058465E+00  8.78419780523200E-04  9.59770133807775E-01
-2.25566352527747E+00  8.76152971996373E-04  9.53016025048124E-01
-2.24938033997029E+00  8.73188943808297E-04  9.46783207563438E-01
-2.24309715466311E+00  8.69788310866525E-04  9.41026516937137E-01
-2.23681396935593E+00  8.65771598136676E-04  9.35702858730223E-01
-2.23053078404875E+00  8.61236567167419E-04  9.30770360582272E-01
-2.22424759874157E+00  8.56189939124233E-04  9.26188573412483E-01
-2.21796441343439E+00  8.50837905600588E-04  9.21917125069060E-01
-2.21168122812721E+00  8.45092966270053E-04  9.17919479675965E-01
-2.20539804282003E+00  8.38992385183025E-04  9.14165495683728E-01
-2.19911485751286E+00  8.32384100861950E-04  9.10611936548242E-01
-2.19283167220568E+00  8.25465751872336E-04  9.07232945045056E-01
-2.18654848689850E+00  8.18169978838980E-04  9.03998584374915E-01
-2.18026530159132E+00  8.10695521902478E-04  9.00885835017743E-01
-2.17398211628414E+00  8.02929349801683E-04  8.97869153238437E-01
-2.16769893097696E+00  7.94877137413732E-04  8.94926902050607E-01
-2.16141574566978E+00  7.86592040831877E-04  8.92040869561819E-01
-2.15513256036260E+00  7.78036290884081E-04  8.89191390085056E-01
-2.14884937505542E+00  7.69307309340421E-04  8.86363810595374E-01
-2.14256618974824E+00  7.60563966935915E-04  8.83543036561374E-01
-2.13628300444106E+00  7.51691564498866E-04  8.80721851628996E-01
-2.12999981913388E+00  7.42651737252572E-04  8.77889478017814E-01
-2.12371663382670E+00  7.33585930083495E-04  8.75034213531798E-01
-2.11743344851952E+00  7.24473882062311E-04  8.72152505130637E-01
-2.11115026321234E+00  7.15425850435978E-04  8.69238023956723E-01
-2.10486707790516E+00  7.06176067316059E-04  8.66286699553724E-01
-2.09858389259798E+00  6.96919293814486E-04  8.63295550723412E-01
-2.09230070729080E+00  6.87623911636847E-04  8.60263691696408E-01
-2.08601752198362E+00  6.78401997217527E-04  8.57188900778081E-01
-2.07973433667644E+00  6.69049386951664E-04  8.54070311134637E-01
-2.07345115136926E+00  6.59554545714118E-04  8.50909772680415E-01
-2.06716796606208E+00  6.50226834974801E-04  8.47710230223691E-01
-2.06088478075490E+00  6.40872097916468E-04  8.44460970056522E-01
-2.05460159544772E+00  6.31412200498924E-04  8.41188614827003E-01
-2.04831841014054E+00  6.22060849081200E-04  8.37879790835004E-01
-2.04203522483337E+00  6.12847058375050E-04  8.34547094712707E-01
-2.03575203952619E+00  6.04069500469226E-04  8.31183697282732E-01
-2.02946885421901E+00  5.94709288776184E-04  8.27800688016141E-01
-2.02318566891183E+00  5.85318167891361E-04  8.24402738508883E-01
-2.01690248360465E+00  5.75836981522977E-04  8.20995547426344E-01
-2.01061929829747E+00  5.66373337384567E-04  8.17585286137197E-01
-2.00433611299029E+00  5.56801182264829E-04  8.14178559614516E-01
-1.99805292768311E+00  5.47365227177456E-04  8.10781705506190E-01
-1.99176974237593E+00  5.37719632841111E-04  8.07403541565560E-01
-1.98548655706875E+00  5.27980899674623E-04  8.04051722391681E-01
-1.97920337176157E+00  5.18109292176168E-04  8.00733794124479E-01
-1.97292018645439E+00  5.08226675226738E-04  7.97460370445670E-01
-1.96663700114721E+00  4.98144740428163E-04  7.94241062846957E-01
-1.96035381584003E+00  4.87975641521425E-04  7.91083874343862E-01
-1.95407063053285E+00  4.77668557358425E-04  7.87998053137939E-01
-1.94778744522567E+00  4.67028217322470E-04  7.84996989990476E-01
-1.94150425991849E+00  4.56400825498057E-04  7.82090466940931E-01
-1.93522107461131E+00  4.45623200268303E-04  7.79289667921774E-01
-1.92893788930413E+00  4.34724942081378E-04  7.76607927624272E-01
-1.92265470399695E+00  4.23687257551655E-04  7.74053698900622E-01
-1.91637151868977E+00  4.12409720754894E-04  7.71639956585638E-01
-1.91008833338259E+00  4.00958224825039E-04  7.69375681825258E-01
-1.90380514807541E+00  3.89364224133835E-04  7.67284832103206E-01
-1.89752196276823E+00  3.77602819850946E-04  7.65362949412347E-01
-1.89123877746106E+00  3.65702568474549E-04  7.63631236206243E-01
-1.88495559215388E+00  3.53636738253504E-04  7.62099892953517E-01
-1.87867240684670E+00  3.41578611057393E-04  7.60776811902292E-01
-1.87238922153952E+00  3.29662915346410E-04  7.59674749820393E-01
-1.86610603623234E+00  3.17125714178421E-04  7.58803280143716E-01
-1.85982285092516E+00  3.04607468701939E-04  7.58170478834599E-01
-1.85353966561798E+00  2.92078314852436E-04  7.57784559794052E-01
-1.84725648031080E+00  2.79515427858249E-04  7.57653427298330E-01
-1.84097329500362E+00  2.67054170233254E-04  7.57782141945875E-01
-1.83469010969644E+00  2.54552866284601E-04  7.58178403087812E-01
-1.82840692438926E+00  2.42083066487080E-04  7.58845729837925E-01
-1.82212373908208E+00  2.29785135451700E-04  7.59782034185423E-01
-1.81584055377490E+00  2.17578320574977E-04  7.60995503955055E-01
-1.80955736846772E+00  2.05731598296437E-04  7.62486380998812E-01
-1.80327418316054E+00  1.93960633946504E-04  7.64250231012720E-01
-1.79699099785336E+00  1.82566378428149E-04  7.66284116742824E-01
-1.79070781254618E+00  1.71437540724552E-04  7.68584505784120E-01
-1.78442462723900E+00  1.60765910135862E-04  7.71144038208556E-01
-1.77814144193182E+00  1.50488986278721E-04  7.73955057172368E-01
-1.77185825662464E+00  1.40695080445920E-04  7.76991664647982E-01
-1.76557507131746E+00  1.31430061107592E-04  7.80280905845007E-01
-1.75929188601028E+00  1.22805213029657E-04  7.83796563100885E-01
-1.75300870070310E+00  1.14790269335406E-04  7.87513096761792E-01
-1.74672551539592E+00  1.07464291865057E-04  7.91421390377509E-01
-1.74044233008875E+00  1.00848961417517E-04  7.95504660682042E-01
-1.73415914478157E+00  9.50102038083156E-05  7.99745981621887E-01
-1.72787595947439E+00  8.99459748288699E-05  8.04123957798506E-01
-1.72159277416721E+00  8.57994665015502E-05  8.08621699272031E-01
-1.71530958886003E+00  8.25872651774611E-05  8.13217742817690E-01
-1.70902640355285E+00  8.02938187758789E-05  8.17887621176471E-01
-1.70274321824567E+00  7.89759633280790E-05  8.22613478338059E-01
-1.69646003293849E+00  7.86475677632855E-05  8.27369283061106E-01
-1.69017684763131E+00  7.93810197219680E-05  8.32132673689856E-01
-1.68389366232413E+00  8.11737112482582E-05  8.36878914462524E-01
-1.67761047701695E+00  8.40477835937757E-05  8.41584156782092E-01
-1.67132729170977E+00  8.80111026767189E-05  8.46227607218398E-01
-1.66504410640259E+00  9.31029076645977E-05  8.50807186334902E-01
-1.65876092109541E+00  9.92761670456194E-05  8.55255403720772E-01
-1.65247773578823E+00  1.06569339129750E-04  8.59571410639507E-01
-1.64619455048105E+00  1.15019529472396E-04  8.63735784826798E-01
-1.63991136517387E+00  1.24463533681002E-04  8.67734556041600E-01
-1.63362817986669E+00  1.35114298739028E-04  8.71532741770414E-01
-1.62734499455951E+00  1.46801743626879E-04  8.75120197404534E-01
-1.62106180925233E+00  1.59515932237090E-04  8.78478205177132E-01
-1.61477862394515E+00  1.73220217118500E-04  8.81591964001796E-01
-1.60849543863797E+00  1.87917434035829E-04  8.84449017733689E-01
-1.60221225333079E+00  2.03543381695889E-04  8.87035567859813E-01
-1.59592906802361E+00  2.20031590844796E-04  8.89339549455973E-01
-1.58964588271644E+00  2.37463217900294E-04  8.91353295872333E-01
-1.58336269740926E+00  2.55577886733755E-04  8.93070201000580E-01
-1.57707951210208E+00  2.74506925926757E-04  8.94484866616478E-01
-1.57079632679490E+00  2.94119204612564E-04  8.95595612644770E-01
-1.56451314148772E+00  3.14473597017449E-04  8.96397967297711E-01
-1.55822995618054E+00  3.35049965416458E-04  8.96896202865213E-01
-1.55194677087336E+00  3.56304516758251E-04  8.97087862249897E-01
-1.54566358556618E+00  3.77979556219384E-04  8.96984325099414E-01
-1.53938040025900E+00  4.00091328267392E-04  8.96587255903936E-01
-1.53309721495182E+00  4.22447013633002E-04  8.95907246635084E-01
-1.52681402964464E+00  4.44985614549038E-04  8.94952164378975E-01
-1.52053084433746E+00  4.67792525272693E-04  8.93736943858304E-01
-1.51424765903028E+00  4.90093892009591E-04  8.92273673477087E-01
-1.50796447372310E+00  5.12938524147011E-04  8.90577358205094E-01
-1.50168128841592E+00  5.35579161145003E-04  8.88664212641773E-01
-1.49539810310874E+00  5.58720135099656E-04  8.86551511646517E-01
-1.48911491780156E+00  5.81059748142298E-04  8.84257835145470E-01
-1.48283173249438E+00  6.03153619715904E-04  8.81803172366653E-01
-1.47654854718720E+00  6.24735014550198E-04  8.79215732567914E-01
-1.47026536188002E+00  6.46206519480994E-04  8.76501215039681E-01
-1.46398217657284E+00  6.67019347466034E-04  8.73686320567674E-01
-1.45769899126566E+00  6.87311136966699E-04  8.70798705766395E-01
-1.45141580595848E+00  7.07024262509088E-04  8.67857035193949E-01
-1.44513262065130E+00  7.26011464275909E-04  8.64883208924894E-01
-1.43884943534413E+00  7.44402682571204E-04  8.61902527849271E-01
-1.43256625003695E+00  7.61982889474785E-04  8.58935128649444E-01
-1.42628306472977E+00  7.78515864293653E-04  8.56000701858769E-01
-1.41999987942259E+00  7.94554609620418E-04  8.53122739616280E-01
-1.41371669411541E+00  8.09820308958661E-04  8.50319732132514E-01
-1.40743350880823E+00  8.23778480283766E-04  8.47615752611418E-01
-1.40115032350105E+00  8.37184628191443E-04  8.45026925559290E-01
-1.39486713819387E+00  8.49624908556063E-04  8.42569410438966E-01
-1.38858395288669E+00  8.61179297046905E-04  8.40262022988155E-01
-1.38230076757951E+00  8.71781514704122E-04  8.38118171649436E-01
-1.37601758227233E+00  8.81557849000119E-04  8.36155203581719E-01
-1.36973439696515E+00  8.90204549590751E-04  8.34380701398930E-01
-1.36345121165797E+00  8.97867559136975E-04  8.32806905995687E-01
-1.35716802635079E+00  9.04520422563971E-04  8.31443751953552E-01
-1.35088484104361E+00  9.10237949264365E-04  8.30299778553439E-01
-1.34460165573643E+00  9.14918660008686E-04  8.29379816229868E-01
-1.33831847042925E+00  9.18606701405084E-04  8.28688997795160E-01
-1.33203528512207E+00  9.21397878054788E-04  8.28230385050752E-01
-1.32575209981489E+00  9.23290229438765E-04  8.28005042420938E-01
-1.31946891450771E+00  9.24070510133348E-04  8.28011741410595E-01
-1.31318572920053E+00  9.23842164916804E-04  8.28251190061091E-01
-1.30690254389335E+00  9.22675554636172E-04  8.28717063424448E-01
-1.30061935858617E+00  9.20558182518718E-04  8.29405269469958E-01
-1.29433617327899E+00  9.17538877862675E-04  8.30309280090621E-01
-1.28805298797181E+00  9.13725964575259E-04  8.31421290957917E-01
-1.28176980266464E+00  9.08995799954375E-04  8.32731055409990E-01
-1.27548661735746E+00  9.03552788799790E-04  8.34230252400878E-01
-1.26920343205028E+00  8.96615040525360E-04  8.35894079565175E-01
-1.26292024674310E+00  8.89268654780020E-04  8.37715182214978E-01
-1.25663706143592E+00  8.81135061797146E-04  8.39704438022481E-01
-1.25035387612874E+00  8.72521175207423E-04  8.41825641346228E-01
-1.24407069082156E+00  8.62965777446195E-04  8.44069251446794E-01
-1.23778750551438E+00  8.52663852321013E-04  8.46417578032318E-01
-1.23150432020720E+00  8.41635163236192E-04  8.48854723052855E-01
-1.22522113490002E+00  8.30012617649850E-04  8.51362772290084E-01
-1.21893794959284E+00  8.17624178593065E-04  8.53924505090799E-01
-1.21265476428566E+00  8.04567661837034E-04  8.56521889398316E-01
-1.20637157897848E+00  7.90907790942043E-04  8.59140807475210E-01
-1.20008839367130E+00  7.76682139394199E-04  8.61758881246205E-01
-1.19380520836412E+00  7.61886453993313E-04  8.64360988282007E-01
-1.18752202305694E+00  7.46577209386002E-04  8.66929881419695E-01
-1.18123883774976E+00  7.30699009685775E-04  8.69454070739563E-01
-1.17495565244258E+00  7.14171556880430E-04  8.71906250720035E-01
-1.16867246713540E+00  6.97270862564118E-04  8.74276432713160E-01
-1.16238928182822E+00  6.79898406171124E-04  8.76548816881618E-01
-1.15610609652104E+00  6.62095372329708E-04  8.78709094115543E-01
-1.14982291121386E+00  6.43898871931064E-04  8.80742975153530E-01
-1.14353972590668E+00  6.25363731180192E-04  8.82639671793375E-01
-1.13725654059950E+00  6.06334416933703E-04  8.84384264234351E-01
-1.13097335529233E+00  5.87000573029559E-04  8.85965316641714E-01
-1.12469016998515E+00  5.67442695155102E-04  8.87372168418529E-01
-1.11840698467797E+00  5.47541587651411E-04  8.88598402249564E-01
-1.11212379937079E+00  5.27483697342355E-04  8.89635134593484E-01
-1.10584061406361E+00  5.07033007914321E-04  8.90475443833531E-01
-1.09955742875643E+00  4.86612298940164E-04  8.91111278904747E-01
-1.09327424344925E+00  4.66058125422626E-04  8.91540139966857E-01
-1.08699105814207E+00  4.45456349532102E-04  8.91757027016398E-01
-1.08070787283489E+00  4.24854890691893E-04  8.91758856287281E-01
-1.07442468752771E+00  4.04233142484784E-04  8.91544196766142E-01
-1.06814150222053E+00  3.83610232189996E-04  8.91112275017916E-01
-1.06185831691335E+00  3.63073155951370E-04  8.90463534486557E-01
-1.05557513160617E+00  3.42838618148379E-04  8.89599017854294E-01
-1.04929194629899E+00  3.22574173320175E-04  8.88523587362691E-01
-1.04300876099181E+00  3.02570661212467E-04  8.87236812213141E-01
-1.03672557568463E+00  2.82821427431820E-04  8.85746348080355E-01
-1.03044239037745E+00  2.63399586193657E-04  8.84054913443171E-01
-1.02415920507027E+00  2.44325908435833E-04  8.82168513005446E-01
-1.01787601976309E+00  2.25685060765167E-04  8.80092467234936E-01
-1.01159283445591E+00  2.07525227359422E-04  8.77838112596157E-01
-1.00530964914873E+00  1.89862497196829E-04  8.75412077648842E-01
-9.99026463841554E-01  1.72664483984917E-04  8.72822136295176E-01
-9.92743278534375E-01  1.56083715387628E-04  8.70075915712989E-01
-9.86460093227195E-01  1.40142059368162E-04  8.67187534921835E-01
-9.80176907920015E-01  1.24935038822140E-04  8.64165301566049E-01
-9.73893722612836E-01  1.10251458695267E-04  8.61016697411581E-01
-9.67610537305656E-01  9.64967268674792E-05  8.57756077824910E-01
-9.61327351998476E-01  8.35906663490109E-05  8.54393457034224E-01
-9.55044166691297E-01  7.15305176042641E-05  8.50939783661972E-01
-9.48760981384118E-01  6.03647814048523E-05  8.47406345325676E-01
-9.42477796076938E-01  5.01249259344827E-05  8.43804502855678E-01
-9.36194610769758E-01  4.08620774553743E-05  8.40145612602814E-01
-9.29911425462579E-01  3.25507885679144E-05  8.36439993965296E-01
-9.23628240155399E-01  2.52120199382865E-05  8.32700172432348E-01
-9.17345054848219E-01  1.89283524560123E-05  8.28937460413711E-01
-9.11061869541040E-01  1.36890633599956E-05  8.25165485975598E-01
-9.04778684233860E-01  9.53061964663745E-06  8.21388577273078E-01
-8.98495498926681E-01  6.41812121167093E-06  8.17619661580700E-01
-8.92212313619501E-01  4.38007902970166E-06  8.13869736484833E-01
-8.85929128312322E-01  3.41249160429045E-06  8.10145953757267E-01
-8.79645943005142E-01  3.52526516407855E-06  8.06461672394674E-01
-8.73362757697962E-01  4.69885532520078E-06  8.02825435270457E-01
-8.67079572390783E-01  6.92158600845002E-06  7.99241793167898E-01
-8.60796387083603E-01  1.01927554669720E-05  7.95723744511308E-01
-8.54513201776423E-01  1.44745903783797E-05  7.92273623165809E-01
-8.48230016469244E-01  1.97637269764558E-05  7.88901751250840E-01
-8.41946831162065E-01  2.60114711742327E-05  7.85614245938666E-01
-8.35663645854885E-01  3.31919258121681E-05  7.82414958246462E-01
-8.29380460547705E-01  4.12791629336807E-05  7.79310725313495E-01
-8.23097275240526E-01  5.01799907173760E-05  7.76307768922802E-01
-8.16814089933346E-01  5.99061678624837E-05  7.73410260433415E-01
-8.10530904626166E-01  7.04448175523090E-05  7.70617340064183E-01
-8.04247719318987E-01  8.16904096482926E-05  7.67936607263927E-01
-7.97964534011807E-01  9.36355009117773E-05  7.65369789913829E-01
-7.91681348704628E-01  1.06192233670946E-04  7.62919021691965E-01
-7.85398163397448E-01  1.19287147615113E-04  7.60586038458292E-01
-7.79114978090269E-01  1.32899163899365E-04  7.58371565334902E-01
-7.72831792783089E-01  1.47001205938971E-04  7.56276136543797E-01
-7.66548607475909E-01  1.61438762091947E-04  7.54300144415856E-01
-7.60265422168730E-01  1.76154293800298E-04  7.52443807387221E-01
-7.53982236861550E-01  1.91124138410219E-04  7.50704509184372E-01
-7.47699051554370E-01  2.06194831790254E-04  7.49082424991756E-01
-7.41415866247191E-01  2.21359930987069E-04  7.47576705922821E-01
-7.35132680940012E-01  2.36592671226801E-04  7.46181224991589E-01
-7.28849495632832E-01  2.51789886987500E-04  7.44895765542588E-01
-7.22566310325652E-01  2.66864041550816E-04  7.43717370261778E-01
-7.16283125018473E-01  2.81889498074485E-04  7.42642152271187E-01
-7.09999939711293E-01  2.96716722430782E-04  7.41667263327342E-01
-7.03716754404113E-01  3.11200440160915E-04  7.40787331535773E-01
-6.97433569096934E-01  3.25318396819394E-04  7.39999257183845E-01
-6.91150383789754E-01  3.39043476478308E-04  7.39298232654579E-01
-6.84867198482575E-01  3.52321032445492E-04  7.38679484759205E-01
-6.78584013175395E-01  3.65115172507519E-04  7.38138026619999E-01
-6.72300827868216E-01  3.77354935855227E-04  7.37668575490456E-01
-6.66017642561036E-01  3.89260440471080E-04  7.37266016306064E-01
-6.59734457253856E-01  4.00297704734647E-04  7.36924882654570E-01
-6.53451271946677E-01  4.10639408228605E-04  7.36639802904724E-01
-6.47168086639497E-01  4.20339449590934E-04  7.36404134415771E-01
-6.40884901332317E-01  4.29303174021658E-04  7.36213189256433E-01
-6.34601716025138E-01  4.37526767157285E-04  7.36061631865626E-01
-6.28318530717959E-01  4.45041841559632E-04  7.35941737507266E-01
-6.22035345410779E-01  4.51764745728937E-04  7.35847988929849E-01
-6.15752160103599E-01  4.57641142470410E-04  7.35778777394020E-01
-6.09468974796420E-01  4.62657007024595E-04  7.35721176692274E-01
-6.03185789489240E-01  4.66867506765448E-04  7.35672870055130E-01
-5.96902604182060E-01  4.70404793258380E-04  7.35628211802446E-01
-5.90619418874881E-01  4.73174681595192E-04  7.35581689344561E-01
-5.84336233567701E-01  4.75205765479675E-04  7.35526931793492E-01
-5.78053048260522E-01  4.76475964866017E-04  7.35456608896695E-01
-5.71769862953342E-01  4.76896010559119E-04  7.35372055792107E-01
-5.65486677646163E-01  4.76782388403839E-04  7.35263293952875E-01
-5.59203492338983E-01  4.75781746633173E-04  7.35127779275133E-01
-5.52920307031803E-01  4.74266934710709E-04  7.34959373753038E-01
-5.46637121724624E-01  4.72192485680518E-04  7.34752816835440E-01
-5.40353936417444E-01  4.69595266526977E-04  7.34506488482714E-01
-5.34070751110264E-01  4.66520623604635E-04  7.34214720784290E-01
-5.27787565803085E-01  4.62937258886610E-04  7.33874024541684E-01
-5.21504380495906E-01  4.59084398990842E-04  7.33485670833890E-01
-5.15221195188726E-01  4.54657337772253E-04  7.33033262480250E-01
-5.08938009881546E-01  4.49942256160767E-04  7.32523866203563E-01
-5.02654824574367E-01  4.44907092393873E-04  7.31952462867765E-01
-4.96371639267187E-01  4.39568566517376E-04  7.31316221083950E-01
-4.90088453960007E-01  4.34134063183145E-04  7.30611360029370E-01
-4.83805268652828E-01  4.28482214289019E-04  7.29836264789894E-01
-4.77522083345649E-01  4.22690620092970E-04  7.28992432187577E-01
-4.71238898038469E-01  4.16971241947006E-04  7.28076369293513E-01
-4.64955712731289E-01  4.11243575184384E-04  7.27083987245415E-01
-4.58672527424110E-01  4.05480306429521E-04  7.26018304352943E-01
-4.52389342116930E-01  3.99790184919280E-04  7.24876762438179E-01
-4.46106156809750E-01  3.94255678818558E-04  7.23659569287981E-01
-4.39822971502571E-01  3.88971244943936E-04  7.22365463726775E-01
-4.33539786195391E-01  3.83642975891712E-04  7.20992833135665E-01
-4.27256600888211E-01  3.78557581950814E-04  7.19543499353972E-01
-4.20973415581032E-01  3.73651007179554E-04  7.18018617026993E-01
-4.14690230273853E-01  3.69071666320161E-04  7.16415053120648E-01
-4.08407044966673E-01  3.64710252231482E-04  7.14741652978130E-01
-4.02123859659493E-01  3.60597291748409E-04  7.12988971350656E-01
-3.95840674352314E-01  3.56786500674508E-04  7.11166278413140E-01
-3.89557489045134E-01  3.53259072895507E-04  7.09271900801784E-01
-3.83274303737954E-01  3.50014858948654E-04  7.07310451224228E-01
-3.76991118430775E-01  3.47095131126337E-04  7.05278057707456E-01
-3.70707933123596E-01  3.44368974397621E-04  7.03179455466480E-01
-3.64424747816416E-01  3.41932353070391E-04  7.01017517615954E-01
-3.58141562509236E-01  3.39891021258064E-04  6.98793065165270E-01
-3.51858377202057E-01  3.38216118408731E-04  6.96509197291664E-01
-3.45575191894877E-01  3.36516891774076E-04  6.94168635415022E-01
-3.39292006587697E-01  3.35070298831576E-04  6.91772929684512E-01
-3.33008821280518E-01  3.33834914373399E-04  6.89326852195763E-01
-3.26725635973338E-01  3.32768377738856E-04  6.86831109100006E-01
-3.20442450666159E-01  3.31963122009361E-04  6.84289310492843E-01
-3.14159265358979E-01  3.31173599530775E-04  6.81704800846709E-01
-3.07876080051800E-01  3.30485888885714E-04  6.79081577303793E-01
-3.01592894744620E-01  3.29909567688843E-04  6.76419997512123E-01
-2.95309709437440E-01  3.29289862797688E-04  6.73726369445735E-01
-2.89026524130261E-01  3.28693952509921E-04  6.71000576440477E-01
-2.82743338823081E-01  3.28224767383862E-04  6.68248477246974E-01
-2.76460153515901E-01  3.27748940286272E-04  6.65473233908331E-01
-2.70176968208722E-01  3.27199272129082E-04  6.62681140559363E-01
-2.63893782901543E-01  3.26578592566323E-04  6.59870361989165E-01
-2.57610597594363E-01  3.25787512311503E-04  6.57042683430373E-01
-2.51327412287183E-01  3.24934031064471E-04  6.54208842483303E-01
-2.45044226980004E-01  3.23932428162457E-04  6.51366102825240E-01
-2.38761041672824E-01  3.22910533627099E-04  6.48520196217589E-01
-2.32477856365644E-01  3.21734027129769E-04  6.45675977162119E-01
-2.26194671058465E-01  3.20425992635230E-04  6.42833987628101E-01
-2.19911485751285E-01  3.19002436828131E-04  6.39999166028991E-01
-2.13628300444106E-01  3.17403010243948E-04  6.37175008260519E-01
-2.07345115136926E-01  3.15827285913549E-04  6.34364861901132E-01
-2.01061929829747E-01  3.14058972810397E-04  6.31573607614960E-01
-1.94778744522567E-01  3.12172276128325E-04  6.28801808367150E-01
-1.88495559215387E-01  3.10280035746789E-04  6.26054349952070E-01
-1.82212373908208E-01  3.08388085930848E-04  6.23334643985027E-01
-1.75929188601028E-01  3.06419521836513E-04  6.20646092024524E-01
-1.69646003293848E-01  3.04445424670234E-04  6.17991102064122E-01
-1.63362817986669E-01  3.02375799931995E-04  6.15375026797898E-01
-1.57079632679490E-01  3.00269618229830E-04  6.12800358529898E-01
-1.50796447372310E-01  2.98315608077726E-04  6.10270245272058E-01
-1.44513262065130E-01  2.96459130931466E-04  6.07788157107681E-01
-1.38230076757951E-01  2.94679965471603E-04  6.05357556544452E-01
-1.31946891450771E-01  2.93085057721239E-04  6.02981112490332E-01
-1.25663706143591E-01  2.91720599055121E-04  6.00663165410519E-01
-1.19380520836412E-01  2.90730835200384E-04  5.98407554590754E-01
-1.13097335529232E-01  2.89863841969682E-04  5.96216084948961E-01
-1.06814150222053E-01  2.89254385979719E-04  5.94093213973732E-01
-1.00530964914873E-01  2.88994820563306E-04  5.92040622080310E-01
-9.42477796076937E-02  2.89034747594472E-04  5.90062710487543E-01
-8.79645943005141E-02  2.89513693445455E-04  5.88162755294058E-01
-8.16814089933344E-02  2.90345945147552E-04  5.86343743423212E-01
-7.53982236861548E-02  2.91564612972220E-04  5.84609493396956E-01
-6.91150383789751E-02  2.93258202659404E-04  5.82962901772635E-01
-6.28318530717955E-02  2.95315102299304E-04  5.81407535958628E-01
-5.65486677646159E-02  2.97756972644863E-04  5.79946513128553E-01
-5.02654824574367E-02  3.00573765346655E-04  5.78583085807245E-01
-4.39822971502570E-02  3.03830186663642E-04  5.77320439923116E-01
-3.76991118430774E-02  3.07457863566006E-04  5.76161866586226E-01
-3.14159265358978E-02  3.11484765914389E-04  5.75110495673408E-01
-2.51327412287181E-02  3.15782480261191E-04  5.74169578390112E-01
-1.88495559215385E-02  3.20428956553159E-04  5.73342148563437E-01
-1.25663706143588E-02  3.25354110426696E-04  5.72631114334505E-01
-6.28318530717920E-03  3.30512395470695E-04  5.72040254922272E-01
 0.00000000000000E+00  3.35871007530723E-04  5.71571153898047E-01
 6.28318530717964E-03  3.41323367450216E-04  5.71227905099536E-01
 1.25663706143593E-02  3.46827358188759E-04  5.71013786550452E-01
 1.88495559215389E-02  3.52368284452239E-04  5.70930836751557E-01
 2.51327412287186E-02  3.57931198161346E-04  5.70982295920773E-01
 3.14159265358982E-02  3.63443703340427E-04  5.71170576583134E-01
 3.76991118430778E-02  3.68824885078551E-04  5.71496637814019E-01
 4.39822971502575E-02  3.73998779504417E-04  5.71966275856795E-01
 5.02654824574367E-02  3.78871503313335E-04  5.72580200519928E-01
 5.65486677646163E-02  3.83543375950995E-04  5.73340656093886E-01
 6.28318530717960E-02  3.87723318442859E-04  5.74246524010365E-01
 6.91150383789756E-02  3.91345375983554E-04  5.75305979603531E-01
 7.53982236861552E-02  3.94516088414737E-04  5.76519605111656E-01
 8.16814089933349E-02  3.97181007325302E-04  5.77885727514233E-01
 8.79645943005145E-02  3.99323128657538E-04  5.79407250713775E-01
 9.42477796076941E-02  4.00650068512146E-04  5.81086799473469E-01
 1.00530964914874E-01  4.01275969288772E-04  5.82923732691978E-01
 1.06814150222053E-01  4.01219091023631E-04  5.84918076508766E-01
 1.13097335529233E-01  4.00344664401657E-04  5.87071813168030E-01
 1.19380520836412E-01  3.98809099730598E-04  5.89384084271269E-01
 1.25663706143592E-01  3.96335747178247E-04  5.91856454957317E-01
 1.31946891450772E-01  3.93094993364816E-04  5.94487944740967E-01
 1.38230076757951E-01  3.89067332301750E-04  5.97277953466065E-01
 1.44513262065131E-01  3.84266023091281E-04  6.00224310942586E-01
 1.50796447372310E-01  3.78754052191382E-04  6.03328454837421E-01
 1.57079632679490E-01  3.72495266517185E-04  6.06587324924215E-01
 1.63362817986669E-01  3.65657032730584E-04  6.09999065940926E-01
 1.69646003293849E-01  3.58197139738617E-04  6.13563849008703E-01
 1.75929188601029E-01  3.50214020595960E-04  6.17272568792974E-01
 1.82212373908208E-01  3.41815649095439E-04  6.21126391433314E-01
 1.88495559215388E-01  3.33004234397853E-04  6.25120326374054E-01
 1.94778744522567E-01  3.23946469366953E-04  6.29253374178081E-01
 2.01061929829747E-01  3.14778156456610E-04  6.33519749683044E-01
 2.07345115136926E-01  3.05520340330289E-04  6.37912113103066E-01
 2.13628300444106E-01  2.96353005312486E-04  6.42429974749005E-01
 2.19911485751286E-01  2.87297274873074E-04  6.47065431057824E-01
 2.26194671058465E-01  2.78655782734403E-04  6.51811548075144E-01
 2.32477856365645E-01  2.70447311271469E-04  6.56659174507066E-01
 2.38761041672825E-01  2.62893451483263E-04  6.61607578390593E-01
 2.45044226980004E-01  2.56101518294107E-04  6.66646396478241E-01
 2.51327412287184E-01  2.50255951837374E-04  6.71767751504294E-01
 2.57610597594363E-01  2.45330074894798E-04  6.76962984535801E-01
 2.63893782901543E-01  2.41632533729677E-04  6.82223886382317E-01
 2.70176968208722E-01  2.39152341270081E-04  6.87539096187618E-01
 2.76460153515902E-01  2.38188404710755E-04  6.92904030719463E-01
 2.82743338823082E-01  2.38846415379088E-04  6.98306364447112E-01
 2.89026524130261E-01  2.41191708402800E-04  7.03735369050640E-01
 2.95309709437441E-01  2.45202084851280E-04  7.09182183875154E-01
 3.01592894744620E-01  2.51310806038248E-04  7.14635469941282E-01
 3.07876080051800E-01  2.59281300462850E-04  7.20084304298255E-01
 3.14159265358979E-01  2.69368758702294E-04  7.25516017803668E-01
 3.20442450666159E-01  2.81843287115661E-04  7.30922215366580E-01
 3.26725635973339E-01  2.96275275604545E-04  7.36290576279793E-01
 3.33008821280518E-01  3.12946832729883E-04  7.41610376648521E-01
 3.39292006587698E-01  3.31929430963669E-04  7.46868736628918E-01
 3.45575191894878E-01  3.53225367340473E-04  7.52054447113325E-01
 3.51858377202057E-01  3.76788375363643E-04  7.57154610412369E-01
 3.58141562509237E-01  4.02671210814595E-04  7.62158041597104E-01
 3.64424747816416E-01  4.30789977589675E-04  7.67055914475859E-01
 3.70707933123596E-01  4.61082516819989E-04  7.71834084555754E-01
 3.76991118430775E-01  4.93523912073504E-04  7.76482452367192E-01
 3.83274303737955E-01  5.28084823393648E-04  7.80990107091218E-01
 3.89557489045135E-01  5.64586551494495E-04  7.85348079911971E-01
 3.95840674352314E-01  6.03243597593900E-04  7.89543791316324E-01
 4.02123859659494E-01  6.43539206854075E-04  7.93570554265724E-01
 4.08407044966673E-01  6.85158289410838E-04  7.97415617842654E-01
 4.14690230273853E-01  7.28386334839221E-04  8.01071052744521E-01
 4.20973415581032E-01  7.72857070325035E-04  8.04528078037885E-01
 4.27256600888212E-01  8.18294716393972E-04  8.07781020580850E-01
 4.33539786195392E-01  8.64849485878321E-04  8.10820814626389E-01
 4.39822971502571E-01  9.12096083747747E-04  8.13641710322828E-01
 4.46106156809751E-01  9.59636972310690E-04  8.16238854161473E-01
 4.52389342116930E-01  1.00771259107600E-03  8.18605589928357E-01
 4.58672527424110E-01  1.05591792436471E-03  8.20736358766102E-01
 4.64955712731290E-01  1.10402687742224E-03  8.22626904347583E-01
 4.71238898038469E-01  1.15179871293358E-03  8.24275822600131E-01
 4.77522083345649E-01  1.19909192447688E-03  8.25678993642151E-01
 4.83805268652828E-01  1.24555425459235E-03  8.26837471036446E-01
 4.90088453960008E-01  1.29113050258666E-03  8.27748930032529E-01
 4.96371639267188E-01  1.33563417720801E-03  8.28414194105290E-01
 5.02654824574367E-01  1.37866863730598E-03  8.28835872107658E-01
 5.08938009881547E-01  1.42043669114361E-03  8.29011243669316E-01
 5.15221195188726E-01  1.46046169677033E-03  8.28944688157640E-01
 5.21504380495906E-01  1.49856112754254E-03  8.28639826853923E-01
 5.27787565803085E-01  1.53439445820722E-03  8.28097317998357E-01
 5.34070751110265E-01  1.56830471010753E-03  8.27328484381879E-01
 5.40353936417445E-01  1.59975477804169E-03  8.26334925855766E-01
 5.46637121724624E-01  1.62831577547593E-03  8.25122122274267E-01
 5.52920307031804E-01  1.65466810732075E-03  8.23698908957990E-01
 5.59203492338983E-01  1.67840761788349E-03  8.22071568055784E-01
 5.65486677646163E-01  1.69956940253984E-03  8.20250412370448E-01
 5.71769862953343E-01  1.71799561539647E-03  8.18241614249987E-01
 5.78053048260522E-01  1.73355087555712E-03  8.16054470795999E-01
 5.84336233567702E-01  1.74636705404406E-03  8.13699483490683E-01
 5.90619418874881E-01  1.75629603082902E-03  8.11187702541485E-01
 5.96902604182061E-01  1.76368913996856E-03  8.08528594664948E-01
 6.03185789489241E-01  1.76804826497266E-03  8.05733537874695E-01
 6.09468974796420E-01  1.76975841329724E-03  8.02813939511359E-01
 6.15752160103600E-01  1.76867591782725E-03  7.99780365117649E-01
 6.22035345410779E-01  1.76533557218716E-03  7.96649799576146E-01
 6.28318530717959E-01  1.75879943154634E-03  7.93426351476187E-01
 6.34601716025138E-01  1.75022137276694E-03  7.90128662575738E-01
 6.40884901332318E-01  1.73935158714703E-03  7.86766440694221E-01
 6.47168086639498E-01  1.72627684154116E-03  7.83355322551971E-01
 6.53451271946677E-01  1.71128627596886E-03  7.79904845891117E-01
 6.59734457253857E-01  1.69463359903360E-03  7.76428758665813E-01
 6.66017642561036E-01  1.67558030876247E-03  7.72938319999866E-01
 6.72300827868216E-01  1.65542636796575E-03  7.69445591869311E-01
 6.78584013175396E-01  1.63382000704663E-03  7.65962301876240E-01
 6.84867198482575E-01  1.61103964270881E-03  7.62502069260802E-01
 6.91150383789755E-01  1.58721268216485E-03  7.59077587737914E-01
 6.97433569096934E-01  1.56238989874353E-03  7.55698888709805E-01
 7.03716754404114E-01  1.53693155463873E-03  7.52376170745225E-01
 7.09999939711293E-01  1.51095744666210E-03  7.49121485354056E-01
 7.16283125018473E-01  1.48413389682901E-03  7.45942972610071E-01
 7.22566310325653E-01  1.45751788388344E-03  7.42853299094798E-01
 7.28849495632832E-01  1.43086256309771E-03  7.39861624441231E-01
 7.35132680940012E-01  1.40440052673536E-03  7.36974535877096E-01
 7.41415866247191E-01  1.37828769861083E-03  7.34201557794048E-01
 7.47699051554371E-01  1.35264697148700E-03  7.31545143834683E-01
 7.53982236861551E-01  1.32774433218561E-03  7.29023909731468E-01
 7.60265422168730E-01  1.30347184576156E-03  7.26635785534208E-01
 7.66548607475910E-01  1.27985670786404E-03  7.24391568410821E-01
 7.72831792783089E-01  1.25752366019401E-03  7.22294545608937E-01
 7.79114978090269E-01  1.23622571792953E-03  7.20349710933142E-01
 7.85398163397449E-01  1.21629600249888E-03  7.18558634564908E-01
 7.91681348704628E-01  1.19752271496330E-03  7.16930783220313E-01
 7.97964534011808E-01  1.18044367298594E-03  7.15464829836402E-01
 8.04247719318987E-01  1.16477387294623E-03  7.14170692568615E-01
 8.10530904626167E-01  1.15059286901195E-03  7.13036174631190E-01
 8.16814089933346E-01  1.13816970748954E-03  7.12068804775100E-01
 8.23097275240526E-01  1.12744939424272E-03  7.11270195975327E-01
 8.29380460547706E-01  1.11837888295527E-03  7.10639158809707E-01
 8.35663645854885E-01  1.11118806247352E-03  7.10174799288827E-01
 8.41946831162065E-01  1.10578204856512E-03  7.09875225118344E-01
 8.48230016469244E-01  1.10274353195940E-03  7.09733883281348E-01
 8.54513201776424E-01  1.10111323629739E-03  7.09757434752941E-01
 8.60796387083604E-01  1.10124083092014E-03  7.09937740957034E-01
 8.67079572390783E-01  1.10328151650672E-03  7.10270720543709E-01
 8.73362757697962E-01  1.10719991196984E-03  7.10759624475935E-01
 8.79645943005142E-01  1.11283871405320E-03  7.11377630184764E-01
 8.85929128312322E-01  1.12040112064269E-03  7.12138987291688E-01
 8.92212313619502E-01  1.12961909650290E-03  7.13034845211922E-01
 8.98495498926681E-01  1.14084010534057E-03  7.14056526502627E-01
 9.04778684233861E-01  1.15293873052349E-03  7.15197372965466E-01
 9.11061869541040E-01  1.16724411452128E-03  7.16450668942278E-01
 9.17345054848220E-01  1.18316870319632E-03  7.17807192139347E-01
 9.23628240155399E-01  1.20085012209473E-03  7.19262934677650E-01
 9.29911425462579E-01  1.21987534910918E-03  7.20808205819123E-01
 9.36194610769759E-01  1.24059292587449E-03  7.22444494773813E-01
 9.42477796076938E-01  1.26215424556267E-03  7.24144455913016E-01
 9.48760981384118E-01  1.28510429538118E-03  7.25908512540231E-01
 9.55044166691297E-01  1.30931746675893E-03  7.27731565868485E-01
 9.61327351998477E-01  1.33481379201348E-03  7.29600445539553E-01
 9.67610537305656E-01  1.36118287412357E-03  7.31508493680065E-01
 9.73893722612836E-01  1.38860288603098E-03  7.33447185962796E-01
 9.80176907920016E-01  1.41694228548184E-03  7.35407477049050E-01
 9.86460093227195E-01  1.44593517557776E-03  7.37382310576720E-01
 9.92743278534375E-01  1.47581872968716E-03  7.39362575653285E-01
 9.99026463841554E-01  1.50631656011866E-03  7.41338001543879E-01
 1.00530964914873E+00  1.53727514170807E-03  7.43305709195311E-01
 1.01159283445591E+00  1.56879331125937E-03  7.45258525392731E-01
 1.01787601976309E+00  1.60053249652675E-03  7.47182376469794E-01
 1.02415920507027E+00  1.63243053936284E-03  7.49075990851300E-01
 1.03044239037745E+00  1.66445461255615E-03  7.50931458012384E-01
 1.03672557568463E+00  1.69655784179602E-03  7.52742772713845E-01
 1.04300876099181E+00  1.72878401539453E-03  7.54504608782652E-01
 1.04929194629899E+00  1.76059212239855E-03  7.56210198765101E-01
 1.05557513160617E+00  1.79217586793525E-03  7.57857117254023E-01
 1.06185831691335E+00  1.82303031281140E-03  7.59441001665117E-01
 1.06814150222053E+00  1.85289723955873E-03  7.60958012101857E-01
 1.07442468752771E+00  1.88266844671542E-03  7.62407328551047E-01
 1.08070787283489E+00  1.91165660851229E-03  7.63783777635469E-01
 1.08699105814207E+00  1.93999803546681E-03  7.65088426568095E-01
 1.09327424344925E+00  1.96700254522376E-03  7.66314026916295E-01
 1.09955742875643E+00  1.99305735476451E-03  7.67459610890553E-01
 1.10584061406361E+00  2.01883585389722E-03  7.68535066247737E-01
 1.11212379937079E+00  2.04217668600998E-03  7.69535433520581E-01
 1.11840698467797E+00  2.06407164913476E-03  7.70462690902960E-01
 1.12469016998515E+00  2.08445448380357E-03  7.71319067642207E-01
 1.13097335529233E+00  2.10314061475339E-03  7.72107056831231E-01
 1.13725654059951E+00  2.12035926512457E-03  7.72830011474709E-01
 1.14353972590668E+00  2.13505125297747E-03  7.73490028781307E-01
 1.14982291121386E+00  2.14824596447096E-03  7.74096045730916E-01
 1.15610609652104E+00  2.15937238974353E-03  7.74649233887677E-01
 1.16238928182822E+00  2.16828075743598E-03  7.75156169987460E-01
 1.16867246713540E+00  2.17492354694541E-03  7.75622583172475E-01
 1.17495565244258E+00  2.17968239104821E-03  7.76055415672068E-01
 1.18123883774976E+00  2.18224817796668E-03  7.76461061924302E-01
 1.18752202305694E+00  2.18235510097102E-03  7.76844487815251E-01
 1.19380520836412E+00  2.18050858077907E-03  7.77216254598286E-01
 1.20008839367130E+00  2.17620467314398E-03  7.77582824758059E-01
 1.20637157897848E+00  2.16945973128838E-03  7.77951579434267E-01
 1.21265476428566E+00  2.16020686364290E-03  7.78332684577999E-01
 1.21893794959284E+00  2.14876028291111E-03  7.78730043433421E-01
 1.22522113490002E+00  2.13494726457576E-03  7.79153889580306E-01
 1.23150432020720E+00  2.11918152456038E-03  7.79614475834651E-01
 1.23778750551438E+00  2.10103386574530E-03  7.80105407565131E-01
 1.24407069082156E+00  2.08020709715569E-03  7.80657101101049E-01
 1.25035387612874E+00  2.05784162178823E-03  7.81265402851687E-01
 1.25663706143592E+00  2.03313051092250E-03  7.81934308429011E-01
 1.26292024674310E+00  2.00635420406625E-03  7.82676424848393E-01
 1.26920343205028E+00  1.97799814969183E-03  7.83493624745545E-01
 1.27548661735746E+00  1.94777957139528E-03  7.84397183475629E-01
 1.28176980266464E+00  1.91587326865239E-03  7.85387445990374E-01
 1.28805298797182E+00  1.88222782540849E-03  7.86471741267451E-01
 1.29433617327900E+00  1.84717503352015E-03  7.87652245005933E-01
 1.30061935858617E+00  1.81072080600558E-03  7.88929736999273E-01
 1.30690254389335E+00  1.77314825120241E-03  7.90309956017580E-01
 1.31318572920053E+00  1.73443745523656E-03  7.91794016106752E-01
 1.31946891450771E+00  1.69519348796924E-03  7.93381825823368E-01
 1.32575209981489E+00  1.65527017856934E-03  7.95073705903907E-01
 1.33203528512207E+00  1.61471765281858E-03  7.96868303105667E-01
 1.33831847042925E+00  1.57355530827562E-03  7.98763376914213E-01
 1.34460165573643E+00  1.53222645557927E-03  8.00754538049658E-01
 1.35088484104361E+00  1.49068252433488E-03  8.02839148567109E-01
 1.35716802635079E+00  1.44939437070745E-03  8.05012274861232E-01
 1.36345121165797E+00  1.40833561176466E-03  8.07267801210237E-01
 1.36973439696515E+00  1.36767795643578E-03  8.09617831098274E-01
 1.37601758227233E+00  1.32762488045420E-03  8.12018380114904E-01
 1.38230076757951E+00  1.28814845076598E-03  8.14467083257515E-01
 1.38858395288669E+00  1.24981639445626E-03  8.16977044407677E-01
 1.39486713819387E+00  1.21239981447975E-03  8.19526438156004E-01
 1.40115032350105E+00  1.17604661167971E-03  8.22103761969593E-01
 1.40743350880823E+00  1.14114364268124E-03  8.24697509806117E-01
 1.41371669411541E+00  1.10767764366668E-03  8.27294877042839E-01
 1.41999987942259E+00  1.07575173204842E-03  8.29883083388352E-01
 1.42628306472977E+00  1.04553518615938E-03  8.32449031077630E-01
 1.43256625003695E+00  1.01707982182692E-03  8.34978040357991E-01
 1.43884943534413E+00  9.90526754396141E-04  8.37455532444780E-01
 1.44513262065131E+00  9.65899328224090E-04  8.39868297821446E-01
 1.45141580595848E+00  9.43330148919329E-04  8.42201112839373E-01
 1.45769899126566E+00  9.22868760049268E-04  8.44439042543725E-01
 1.46398217657284E+00  9.04560029742002E-04  8.46566907125784E-01
 1.47026536188002E+00  8.88449864015038E-04  8.48574589137701E-01
 1.47654854718720E+00  8.74305687660547E-04  8.50429658516998E-01
 1.48283173249438E+00  8.62668317301219E-04  8.52148994344301E-01
 1.48911491780156E+00  8.53244770908353E-04  8.53707070940223E-01
 1.49539810310874E+00  8.46315873147964E-04  8.55088176282908E-01
 1.50168128841592E+00  8.41503332483267E-04  8.56291220833226E-01
 1.50796447372310E+00  8.38952142599243E-04  8.57288452007283E-01
 1.51424765903028E+00  8.38416326224130E-04  8.58077925200576E-01
 1.52053084433746E+00  8.40016686373603E-04  8.58652518790822E-01
 1.52681402964464E+00  8.43721473201971E-04  8.59005353703864E-01
 1.53309721495182E+00  8.49422911309592E-04  8.59128597375006E-01
 1.53938040025900E+00  8.57123413083491E-04  8.59017700280743E-01
 1.54566358556618E+00  8.66842777487058E-04  8.58671240777512E-01
 1.55194677087336E+00  8.78235718785756E-04  8.58084412336202E-01
 1.55822995618054E+00  8.91232294439796E-04  8.57259097683462E-01
 1.56451314148772E+00  9.06086431781450E-04  8.56195649855121E-01
 1.57079632679490E+00  9.22361215088201E-04  8.54897171239935E-01
 1.57707951210208E+00  9.39633368314012E-04  8.53366504330176E-01
 1.58336269740926E+00  9.58591215268790E-04  8.51608674448502E-01
 1.58964588271644E+00  9.78647733591074E-04  8.49634241175887E-01
 1.59592906802362E+00  9.99748799944673E-04  8.47450720451405E-01
 1.60221225333080E+00  1.02187865386954E-03  8.45077910701604E-01
 1.60849543863797E+00  1.04475344570063E-03  8.42509791535871E-01
 1.61477862394515E+00  1.06830049632606E-03  8.39765110045399E-01
 1.62106180925233E+00  1.09262476392210E-03  8.36864944532625E-01
 1.62734499455951E+00  1.11789143448207E-03  8.33822372583622E-01
 1.63362817986669E+00  1.14270607391017E-03  8.30654546583999E-01
 1.63991136517387E+00  1.16794397256502E-03  8.27379584473335E-01
 1.64619455048105E+00  1.19416971115972E-03  8.24016668601957E-01
 1.65247773578823E+00  1.21943789843218E-03  8.20585756914911E-01
 1.65876092109541E+00  1.24476298436689E-03  8.17107269704676E-01
 1.66504410640259E+00  1.26986051564784E-03  8.13596796589771E-01
 1.67132729170977E+00  1.29453993770601E-03  8.10089833484011E-01
 1.67761047701695E+00  1.31872877456988E-03  8.06601662329968E-01
 1.68389366232413E+00  1.34239361533063E-03  8.03153756963032E-01
 1.69017684763131E+00  1.36547321238281E-03  7.99770119953829E-01
 1.69646003293849E+00  1.38774034126165E-03  7.96469313938820E-01
 1.70274321824567E+00  1.40906484453330E-03  7.93277504908660E-01
 1.70902640355285E+00  1.43000165644649E-03  7.90214451764900E-01
 1.71530958886003E+00  1.45016162151963E-03  7.87302080172066E-01
 1.72159277416721E+00  1.46915124139910E-03  7.84558786523680E-01
 1.72787595947439E+00  1.48722527359508E-03  7.82006081759365E-01
 1.73415914478157E+00  1.50519263214534E-03  7.79659457733141E-01
 1.74044233008875E+00  1.52110693521701E-03  7.77537359973870E-01
 1.74672551539593E+00  1.53616439868483E-03  7.75655052738784E-01
 1.75300870070310E+00  1.54980126416190E-03  7.74029447790331E-01
 1.75929188601028E+00  1.56232116990868E-03  7.72673184428455E-01
 1.76557507131746E+00  1.57362728541573E-03  7.71596510836871E-01
 1.77185825662464E+00  1.58374545140411E-03  7.70811776885100E-01
 1.77814144193182E+00  1.59285908126819E-03  7.70325253234514E-01
 1.78442462723900E+00  1.60089165403183E-03  7.70144771020009E-01
 1.79070781254618E+00  1.60777385087596E-03  7.70275322862689E-01
 1.79699099785336E+00  1.61330209361943E-03  7.70720788912387E-01
 1.80327418316054E+00  1.61773565447923E-03  7.71483010965933E-01
 1.80955736846772E+00  1.62115496432716E-03  7.72560924023001E-01
 1.81584055377490E+00  1.62305327292432E-03  7.73953623526107E-01
 1.82212373908208E+00  1.62422636329595E-03  7.75659449053504E-01
 1.82840692438926E+00  1.62416218800263E-03  7.77668119121907E-01
 1.83469010969644E+00  1.62330031993523E-03  7.79978055644733E-01
 1.84097329500362E+00  1.62146624275276E-03  7.82579635149523E-01
 1.84725648031080E+00  1.61862331030344E-03  7.85463409111460E-01
 1.85353966561798E+00  1.61487595464984E-03  7.88618665573686E-01
 1.85982285092516E+00  1.61018642813286E-03  7.92033361379986E-01
 1.86610603623234E+00  1.60504241471583E-03  7.95693858704995E-01
 1.87238922153952E+00  1.59759995499120E-03  7.99594465789995E-01
 1.87867240684670E+00  1.59067148842266E-03  8.03725355132635E-01
 1.88495559215388E+00  1.58292582048901E-03  8.08036840005347E-01
 1.89123877746106E+00  1.57460114975095E-03  8.12528160996317E-01
 1.89752196276824E+00  1.56568397147616E-03  8.17191270944287E-01
 1.90380514807542E+00  1.55596179410101E-03  8.22005022198997E-01
 1.91008833338259E+00  1.54569070934480E-03  8.26952564812995E-01
 1.91637151868977E+00  1.53498538637591E-03  8.32015009141259E-01
 1.92265470399695E+00  1.52365788366962E-03  8.37174365813983E-01
 1.92893788930413E+00  1.51185636308565E-03  8.42412156397249E-01
 1.93522107461131E+00  1.49976219392131E-03  8.47711270588922E-01
 1.94150425991849E+00  1.48728160888103E-03  8.53053603120970E-01
 1.94778744522567E+00  1.47437907760743E-03  8.58422737074915E-01
 1.95407063053285E+00  1.46140836353905E-03  8.63801173773718E-01
 1.96035381584003E+00  1.44793457757318E-03  8.69167403840036E-01
 1.96663700114721E+00  1.43429267026933E-03  8.74515673396057E-01
 1.97292018645439E+00  1.42052672242829E-03  8.79825896027152E-01
 1.97920337176157E+00  1.40653743569457E-03  8.85082654140262E-01
 1.98548655706875E+00  1.39245033459600E-03  8.90272301104093E-01
 1.99176974237593E+00  1.37821602911775E-03  8.95381960794443E-01
 1.99805292768311E+00  1.36382374998547E-03  9.00399855337076E-01
 2.00433611299029E+00  1.34936864652653E-03  9.05310728723379E-01
 2.01061929829747E+00  1.33502706807273E-03  9.10108594001502E-01
 2.01690248360465E+00  1.32072595885493E-03  9.14778874624602E-01
 2.02318566891183E+00  1.30617369338901E-03  9.19312529111007E-01
 2.02946885421901E+00  1.29179059700768E-03  9.23701174946413E-01
 2.03575203952619E+00  1.27721681004276E-03  9.27939149041144E-01
 2.04203522483337E+00  1.26285993847275E-03  9.32016655207878E-01
 2.04831841014055E+00  1.24850133322650E-03  9.35930953592732E-01
 2.05460159544772E+00  1.23430307858461E-03  9.39675025781332E-01
 2.06088478075490E+00  1.22012938263392E-03  9.43244089353710E-01
 2.06716796606208E+00  1.20600631987434E-03  9.46635686031258E-01
 2.07345115136926E+00  1.19199780194987E-03  9.49846541113340E-01
 2.07973433667644E+00  1.17801962310036E-03  9.52875140105836E-01
 2.08601752198362E+00  1.16388532434923E-03  9.55721286999068E-01
 2.09230070729080E+00  1.15011148662063E-03  9.58385649880648E-01
 2.09858389259798E+00  1.13647945062501E-03  9.60866005881648E-01
 2.10486707790516E+00  1.12292808890307E-03  9.63172324747420E-01
 2.11115026321234E+00  1.10950070527023E-03  9.65300244643519E-01
 2.11743344851952E+00  1.09617291942239E-03  9.67260836113639E-01
 2.12371663382670E+00  1.08301486953404E-03  9.69058021292366E-01
 2.12999981913388E+00  1.06986974405451E-03  9.70701920493609E-01
 2.13628300444106E+00  1.05713486584818E-03  9.72202650336907E-01
 2.14256618974824E+00  1.04426251495160E-03  9.73568700049646E-01
 2.14884937505542E+00  1.03144133290280E-03  9.74816600713738E-01
 2.15513256036260E+00  1.01868914845941E-03  9.75957029181291E-01
 2.16141574566978E+00  1.00605174339478E-03  9.77012249313713E-01
 2.16769893097696E+00  9.93763685435562E-04  9.77998116066820E-01
 2.17398211628414E+00  9.81308397754183E-04  9.78935559769949E-01
 2.18026530159132E+00  9.68856162994042E-04  9.79849563741596E-01
 2.18654848689850E+00  9.56518760946347E-04  9.80765901613687E-01
 2.19283167220568E+00  9.44164363139986E-04  9.81712886978502E-01
 2.19911485751286E+00  9.31835486775447E-04  9.82721217458577E-01
 2.20539804282004E+00  9.19630234932762E-04  9.83823988936446E-01
 2.21168122812721E+00  9.07415683719646E-04  9.85061121795573E-01
 2.21796441343439E+00  8.95128091139640E-04  9.86460844532219E-01
 2.22424759874157E+00  8.82971508396055E-04  9.88069267779481E-01
 2.23053078404875E+00  8.70795068054101E-04  9.89925428343542E-01
 2.23681396935593E+00  8.58292565736694E-04  9.92078035894227E-01
 2.24309715466311E+00  8.46091059157984E-04  9.94569457511800E-01
 2.24938033997029E+00  8.33828588254097E-04  9.97448935027382E-01
 2.25566352527747E+00  8.21535469944052E-04  1.00076315499675E+00
 2.26194671058465E+00  8.09175717816016E-04  1.00456359997906E+00
 2.26822989589183E+00  7.96929142856277E-04  1.00889845216146E+00
 2.27451308119901E+00  7.84622908461191E-04  1.01381966045042E+00
 2.28079626650619E+00  7.72334443203961E-04  1.01937750350609E+00
 2.28707945181337E+00  7.59867321581886E-04  1.02561805183717E+00
 2.29336263712055E+00  7.47436160503279E-04  1.03259100612724E+00
 2.29964582242773E+00  7.34966389455158E-04  1.04033866677881E+00
 2.30592900773491E+00  7.22424881059577E-04  1.04890839402656E+00
 2.31221219304209E+00  7.09910784533619E-04  1.05833950959093E+00
 2.31849537834927E+00  6.97321327970225E-04  1.06866603766372E+00
 2.32477856365645E+00  6.84822341177200E-04  1.07992393238413E+00
 2.33106174896363E+00  6.72346043903905E-04  1.09213252574307E+00
 2.33734493427081E+00  6.59907351465229E-04  1.10531490964351E+00
 2.34362811957799E+00  6.47535815656798E-04  1.11948557854171E+00
 2.34991130488517E+00  6.35089497925653E-04  1.13464986198266E+00
 2.35619449019234E+00  6.22638124932605E-04  1.15080604201445E+00
 2.36247767549952E+00  6.10235250528316E-04  1.16794469100975E+00
 2.36876086080670E+00  5.98130187863155E-04  1.18604314468907E+00
 2.37504404611388E+00  5.85651806698564E-04  1.20507261717041E+00
 2.38132723142106E+00  5.73398897774868E-04  1.22499468669505E+00
 2.38761041672824E+00  5.61024334296147E-04  1.24575662547255E+00
 2.39389360203542E+00  5.48961101218893E-04  1.26729849509396E+00
 2.40017678734260E+00  5.36801441746576E-04  1.28954725152734E+00
 2.40645997264978E+00  5.24911991720282E-04  1.31241802461024E+00
 2.41274315795696E+00  5.13124651811744E-04  1.33581668866012E+00
 2.41902634326414E+00  5.01556681233684E-04  1.35963580701426E+00
 2.42530952857132E+00  4.90071830647358E-04  1.38375982797691E+00
 2.43159271387850E+00  4.78548926968004E-04  1.40805977405290E+00
 2.43787589918568E+00  4.67266586735751E-04  1.43240316047657E+00
 2.44415908449286E+00  4.56091996869248E-04  1.45663882862720E+00
 2.45044226980004E+00  4.45118196449157E-04  1.48061510262533E+00
 2.45672545510722E+00  4.34267464586830E-04  1.50417151079993E+00
 2.46300864041440E+00  4.23636689376860E-04  1.52714216192574E+00
 2.46929182572158E+00  4.13323645985166E-04  1.54935678714670E+00
 2.47557501102876E+00  4.03046394423019E-04  1.57064439524299E+00
 2.48185819633594E+00  3.92939096228827E-04  1.59083223347530E+00
 2.48814138164312E+00  3.83018649858319E-04  1.60975068090440E+00
 2.49442456695030E+00  3.73289638950777E-04  1.62723137488385E+00
 2.50070775225748E+00  3.63816330375710E-04  1.64311564553918E+00
 2.50699093756466E+00  3.54530408286070E-04  1.65724998869383E+00
 2.51327412287183E+00  3.45449319926750E-04  1.66949874863935E+00
 2.51955730817901E+00  3.36584457012988E-04  1.67973654613725E+00
 2.52584049348619E+00  3.27899079738864E-04  1.68786293874564E+00
 2.53212367879337E+00  3.19405623915793E-04  1.69377772251165E+00
 2.53840686410055E+00  3.10909715385787E-04  1.69742521566522E+00
 2.54469004940773E+00  3.02769688207232E-04  1.69876985418775E+00
 2.55097323471491E+00  2.94805595716880E-04  1.69780658385793E+00
 2.55725642002209E+00  2.87006921225411E-04  1.69456180288938E+00
 2.56353960532927E+00  2.79392303530096E-04  1.68911023802673E+00
 2.56982279063645E+00  2.71956821930245E-04  1.68154233274543E+00
 2.57610597594363E+00  2.64606327724190E-04  1.67201162781294E+00
 2.58238916125081E+00  2.57435300401611E-04  1.66071883096141E+00
 2.58867234655799E+00  2.50558420167875E-04  1.64790163699429E+00
 2.59495553186517E+00  2.43706534676853E-04  1.63386098818830E+00
 2.60123871717235E+00  2.37013454733910E-04  1.61893691413981E+00
 2.60752190247953E+00  2.30482365512795E-04  1.60353808220206E+00
 2.61380508778671E+00  2.24003599892811E-04  1.58812694625827E+00
 2.62008827309389E+00  2.17633221171079E-04  1.57322746752938E+00
 2.62637145840107E+00  2.11337710755016E-04  1.55941804400469E+00
 2.63265464370825E+00  2.05115583311009E-04  1.54735252416527E+00
 2.63893782901543E+00  1.98993936413268E-04  1.53773482009413E+00
 2.64522101432261E+00  1.92865931637077E-04  1.53133509231527E+00
 2.65150419962979E+00  1.86897230518761E-04  1.52898380728701E+00
 2.65778738493697E+00  1.80922687442026E-04  1.53157426105799E+00
 2.66407057024414E+00  1.75089089925916E-04  1.54006343025708E+00
 2.67035375555132E+00  1.69359402163809E-04  1.55545818012713E+00
 2.67663694085850E+00  1.63624395087032E-04  1.57881569607715E+00
 2.68292012616568E+00  1.57960643958399E-04  1.61127109256242E+00
 2.68920331147286E+00  1.52367045690582E-04  1.65398191208381E+00
 2.69548649678004E+00  1.46840641414194E-04  1.70815770738564E+00
 2.70176968208722E+00  1.41421669238556E-04  1.77504997717348E+00
 2.70805286739440E+00  1.36029670710278E-04  1.85594499733235E+00
 2.71433605270158E+00  1.30699266658927E-04  1.95215649881821E+00
 2.72061923800876E+00  1.25364390158823E-04  2.06502353389303E+00
 2.72690242331594E+00  1.20182472868583E-04  2.19589265308603E+00
 2.73318560862312E+00  1.15120876755054E-04  2.34612967724637E+00
 2.73946879393030E+00  1.10140880114977E-04  2.51710370940345E+00
 2.74575197923748E+00  1.05318079053966E-04  2.71016499522139E+00
 2.75203516454466E+00  1.00638236860611E-04  2.92665223353241E+00
 2.75831834985184E+00  9.61739862520108E-05  3.16788694971669E+00
 2.76460153515902E+00  9.18222606472167E-05  3.43514552312683E+00
 2.77088472046620E+00  8.76618839863296E-05  3.72966527238812E+00
 2.77716790577338E+00  8.37503428367938E-05  4.05264148688684E+00
 2.78345109108056E+00  7.99786245876017E-05  4.40520695842503E+00
 2.78973427638774E+00  7.65029833909847E-05  4.78841270474576E+00
 2.79601746169492E+00  7.33633314719796E-05  5.20323266682616E+00
 2.80230064700210E+00  7.05496885205236E-05  5.65055423243541E+00
 2.80858383230928E+00  6.80208604781736E-05  6.13116429788924E+00
 2.81486701761646E+00  6.57875865390375E-05  6.64574383113653E+00
 2.82115020292363E+00  6.40298499180990E-05  7.19485222738442E+00
 2.82743338823081E+00  6.26525506603530E-05  7.77892378122893E+00
 2.83371657353799E+00  6.17026522702079E-05  8.39826050708648E+00
 2.83999975884517E+00  6.12228531202026E-05  9.05301879329547E+00
 2.84628294415235E+00  6.11781064609102E-05  9.74322623682171E+00
 2.85256612945953E+00  6.16356049161961E-05  1.04687181731708E+01
 2.85884931476671E+00  6.26594194044987E-05  1.12292033454986E+01
 2.86513250007389E+00  6.42593946848781E-05  1.20242232789051E+01
 2.87141568538107E+00  6.64122317689620E-05  1.28531098589363E+01
 2.87769887068825E+00  6.91517238150869E-05  1.37150951045198E+01
 2.88398205599543E+00  7.25024083089449E-05  1.46091872703896E+01
 2.89026524130261E+00  7.64795719104087E-05  1.55342177710576E+01
 2.89654842660979E+00  8.10798303783205E-05  1.64888586748865E+01
 2.90283161191697E+00  8.63278451764899E-05  1.74715953964259E+01
 2.90911479722415E+00  9.22513952763031E-05  1.84807385609926E+01
 2.91539798253133E+00  9.88539266728736E-05  1.95144422344631E+01
 2.92168116783851E+00  1.06098875359221E-04  2.05706788548498E+01
 2.92796435314569E+00  1.13994285684320E-04  2.16472636785743E+01
 2.93424753845287E+00  1.22559645938699E-04  2.27418536669301E+01
 2.94053072376005E+00  1.31771666449290E-04  2.38519482842190E+01
 2.94681390906723E+00  1.41628036199089E-04  2.49749339366991E+01
 2.95309709437441E+00  1.52058471342983E-04  2.61080354962714E+01
 2.95938027968159E+00  1.63180239585002E-04  2.72483648600351E+01
 2.96566346498876E+00  1.74822199299140E-04  2.83929222126778E+01
 2.97194665029595E+00  1.86946986221865E-04  2.95386047909517E+01
 2.97822983560312E+00  1.99649290230628E-04  3.06822313595154E+01
 2.98451302091030E+00  2.12828798831915E-04  3.18205383697538E+01
 2.99079620621748E+00  2.26433357568663E-04  3.29502027320911E+01
 2.99707939152466E+00  2.40450061040219E-04  3.40678582269200E+01
 3.00336257683184E+00  2.54805654201591E-04  3.51701068330039E+01
 3.00964576213902E+00  2.69453184050322E-04  3.62535394387495E+01
 3.01592894744620E+00  2.84411910295304E-04  3.73147389637271E+01
 3.02221213275338E+00  2.99525859489516E-04  3.83503076530143E+01
 3.02849531806056E+00  3.14798796124653E-04  3.93568925770415E+01
 3.03477850336774E+00  3.30108072949698E-04  4.03311829551963E+01
 3.04106168867492E+00  3.45407348379962E-04  4.12699302439214E+01
 3.04734487398210E+00  3.60691121162454E-04  4.21699700632578E+01
 3.05362805928928E+00  3.75908894682942E-04  4.30282341562342E+01
 3.05991124459646E+00  3.90885957387370E-04  4.38417751555629E+01
 3.06619442990364E+00  4.05632347562177E-04  4.46077665443590E+01
 3.07247761521082E+00  4.20054900390184E-04  4.53235304436097E+01
 3.07876080051800E+00  4.33982878125863E-04  4.59865365682046E+01
 3.08504398582518E+00  4.47603536311426E-04  4.65944338773162E+01
 3.09132717113236E+00  4.60625098317878E-04  4.71450505008529E+01
 3.09761035643954E+00  4.73037680788614E-04  4.76364080934137E+01
 3.10389354174672E+00  4.85023625357748E-04  4.80667344275607E+01
 3.11017672705390E+00  4.96303053045606E-04  4.84344690164623E+01
 3.11645991236108E+00  5.06782746683724E-04  4.87382709885750E+01
 3.12274309766825E+00  5.16526197879273E-04  4.89770367860442E+01
 3.12902628297543E+00  5.25322528043122E-04  4.91498920029055E+01
 3.13530946828261E+00  5.33205176819427E-04  4.92561922257036E+01
 3.14159265358979E+00  5.40126651333786E-04  4.92955649069868E+01
